8	69	32	10	
-3.14499e+06 -3.14499e+06 -3.14499e+06 -3.14499e+06 -3.14499e+06 -3.14499e+06 -3.14499e+06 -3.14499e+06 
E
-3.20512e+06 -3.20512e+06 -3.20512e+06 -3.20512e+06 -3.20512e+06 -3.20512e+06 -3.20512e+06 -3.20512e+06 
E
-2.66685e+06 -2.66685e+06 -2.66685e+06 -2.66685e+06 -2.66685e+06 -2.66685e+06 -2.66685e+06 -2.66685e+06 
E
-2.72835e+06 -2.72835e+06 -2.72835e+06 -2.72835e+06 -2.72835e+06 -2.72835e+06 -2.72835e+06 -2.72835e+06 
E
-3.11849e+06 -3.11849e+06 -3.11849e+06 -3.11849e+06 -3.11849e+06 -3.11849e+06 -3.11849e+06 -3.11849e+06 
E
-3.69323e+06 -3.69323e+06 -3.69323e+06 -3.69323e+06 -3.69323e+06 -3.69323e+06 -3.69323e+06 -3.69323e+06 
E
-3.66381e+06 -3.66381e+06 -3.66381e+06 -3.66381e+06 -3.66381e+06 -3.66381e+06 -3.66381e+06 -3.66381e+06 
E
-4.07422e+06 -4.07422e+06 -4.07422e+06 -4.07422e+06 -4.07422e+06 -4.07422e+06 -4.07422e+06 -4.07422e+06 
E
-2.03893e+06 -2.03893e+06 -2.03893e+06 -2.03893e+06 -2.03893e+06 -2.03893e+06 -2.03893e+06 -2.03893e+06 
E
-3.33962e+06 -3.33962e+06 -3.33962e+06 -3.33962e+06 -3.33962e+06 -3.33962e+06 -3.33962e+06 -3.33962e+06 
E
-3.58541e+06 -3.58541e+06 -3.58541e+06 -3.58541e+06 -3.58541e+06 -3.58541e+06 -3.58541e+06 -3.58541e+06 
E
-3.40739e+06 -3.40739e+06 -3.40739e+06 -3.40739e+06 -3.40739e+06 -3.40739e+06 -3.40739e+06 -3.40739e+06 
E
-3.42113e+06 -3.42113e+06 -3.42113e+06 -3.42113e+06 -3.42113e+06 -3.42113e+06 -3.42113e+06 -3.42113e+06 
E
-3.19588e+06 -3.19588e+06 -3.19588e+06 -3.19588e+06 -3.19588e+06 -3.19588e+06 -3.19588e+06 -3.19588e+06 
E
-3.68476e+06 -3.68476e+06 -3.68476e+06 -3.68476e+06 -3.68476e+06 -3.68476e+06 -3.68476e+06 -3.68476e+06 
E
-2.4072e+06 -2.4072e+06 -2.4072e+06 -2.4072e+06 -2.4072e+06 -2.4072e+06 -2.4072e+06 -2.4072e+06 
E
-2.76949e+06 -2.76949e+06 -2.76949e+06 -2.76949e+06 -2.76949e+06 -2.76949e+06 -2.76949e+06 -2.76949e+06 
E
-2.8666e+06 -2.8666e+06 -2.8666e+06 -2.8666e+06 -2.8666e+06 -2.8666e+06 -2.8666e+06 -2.8666e+06 
E
-2.18282e+06 -2.18282e+06 -2.18282e+06 -2.18282e+06 -2.18282e+06 -2.18282e+06 -2.18282e+06 -2.18282e+06 
E
-2.33007e+06 -2.33007e+06 -2.33007e+06 -2.33007e+06 -2.33007e+06 -2.33007e+06 -2.33007e+06 -2.33007e+06 
E
-2.79226e+06 -2.79226e+06 -2.79226e+06 -2.79226e+06 -2.79226e+06 -2.79226e+06 -2.79226e+06 -2.79226e+06 
E
-3.17295e+06 -3.17295e+06 -3.17295e+06 -3.17295e+06 -3.17295e+06 -3.17295e+06 -3.17295e+06 -3.17295e+06 
E
-2.51517e+06 -2.51517e+06 -2.51517e+06 -2.51517e+06 -2.51517e+06 -2.51517e+06 -2.51517e+06 -2.51517e+06 
E
-3.15078e+06 -3.15078e+06 -3.15078e+06 -3.15078e+06 -3.15078e+06 -3.15078e+06 -3.15078e+06 -3.15078e+06 
E
-2.63372e+06 -2.63372e+06 -2.63372e+06 -2.63372e+06 -2.63372e+06 -2.63372e+06 -2.63372e+06 -2.63372e+06 
E
-1.99436e+06 -1.99436e+06 -1.99436e+06 -1.99436e+06 -1.99436e+06 -1.99436e+06 -1.99436e+06 -1.99436e+06 
E
-2.89109e+06 -2.89109e+06 -2.89109e+06 -2.89109e+06 -2.89109e+06 -2.89109e+06 -2.89109e+06 -2.89109e+06 
E
-2.85263e+06 -2.85263e+06 -2.85263e+06 -2.85263e+06 -2.85263e+06 -2.85263e+06 -2.85263e+06 -2.85263e+06 
E
-2.61316e+06 -2.61316e+06 -2.61316e+06 -2.61316e+06 -2.61316e+06 -2.61316e+06 -2.61316e+06 -2.61316e+06 
E
-2.7427e+06 -2.7427e+06 -2.7427e+06 -2.7427e+06 -2.7427e+06 -2.7427e+06 -2.7427e+06 -2.7427e+06 
E
-3.13584e+06 -3.13584e+06 -3.13584e+06 -3.13584e+06 -3.13584e+06 -3.13584e+06 -3.13584e+06 -3.13584e+06 
E
-3.41054e+06 -3.41054e+06 -3.41054e+06 -3.41054e+06 -3.41054e+06 -3.41054e+06 -3.41054e+06 -3.41054e+06 
E
-2.31211e+06 -2.31211e+06 -2.31211e+06 -2.31211e+06 -2.31211e+06 -2.31211e+06 -2.31211e+06 -2.31211e+06 
E
-3.10951e+06 -3.10951e+06 -3.10951e+06 -3.10951e+06 -3.10951e+06 -3.10951e+06 -3.10951e+06 -3.10951e+06 
E
-3.18962e+06 -3.18962e+06 -3.18962e+06 -3.18962e+06 -3.18962e+06 -3.18962e+06 -3.18962e+06 -3.18962e+06 
E
-2.60726e+06 -2.60726e+06 -2.60726e+06 -2.60726e+06 -2.60726e+06 -2.60726e+06 -2.60726e+06 -2.60726e+06 
E
-2.9872e+06 -2.9872e+06 -2.9872e+06 -2.9872e+06 -2.9872e+06 -2.9872e+06 -2.9872e+06 -2.9872e+06 
E
-3.02455e+06 -3.02455e+06 -3.02455e+06 -3.02455e+06 -3.02455e+06 -3.02455e+06 -3.02455e+06 -3.02455e+06 
E
-3.4335e+06 -3.4335e+06 -3.4335e+06 -3.4335e+06 -3.4335e+06 -3.4335e+06 -3.4335e+06 -3.4335e+06 
E
-2.39177e+06 -2.39177e+06 -2.39177e+06 -2.39177e+06 -2.39177e+06 -2.39177e+06 -2.39177e+06 -2.39177e+06 
E
-2.22604e+06 -2.22604e+06 -2.22604e+06 -2.22604e+06 -2.22604e+06 -2.22604e+06 -2.22604e+06 -2.22604e+06 
E
-2.58192e+06 -2.58192e+06 -2.58192e+06 -2.58192e+06 -2.58192e+06 -2.58192e+06 -2.58192e+06 -2.58192e+06 
E
-2.98637e+06 -2.98637e+06 -2.98637e+06 -2.98637e+06 -2.98637e+06 -2.98637e+06 -2.98637e+06 -2.98637e+06 
E
-2.6531e+06 -2.6531e+06 -2.6531e+06 -2.6531e+06 -2.6531e+06 -2.6531e+06 -2.6531e+06 -2.6531e+06 
E
-2.50004e+06 -2.50004e+06 -2.50004e+06 -2.50004e+06 -2.50004e+06 -2.50004e+06 -2.50004e+06 -2.50004e+06 
E
-3.86211e+06 -3.86211e+06 -3.86211e+06 -3.86211e+06 -3.86211e+06 -3.86211e+06 -3.86211e+06 -3.86211e+06 
E
-2.97279e+06 -2.97279e+06 -2.97279e+06 -2.97279e+06 -2.97279e+06 -2.97279e+06 -2.97279e+06 -2.97279e+06 
E
-2.26559e+06 -2.26559e+06 -2.26559e+06 -2.26559e+06 -2.26559e+06 -2.26559e+06 -2.26559e+06 -2.26559e+06 
E
-2.94271e+06 -2.94271e+06 -2.94271e+06 -2.94271e+06 -2.94271e+06 -2.94271e+06 -2.94271e+06 -2.94271e+06 
E
-3.37405e+06 -3.37405e+06 -3.37405e+06 -3.37405e+06 -3.37405e+06 -3.37405e+06 -3.37405e+06 -3.37405e+06 
E
-2.59902e+06 -2.59902e+06 -2.59902e+06 -2.59902e+06 -2.59902e+06 -2.59902e+06 -2.59902e+06 -2.59902e+06 
E
-2.7249e+06 -2.7249e+06 -2.7249e+06 -2.7249e+06 -2.7249e+06 -2.7249e+06 -2.7249e+06 -2.7249e+06 
E
-2.64748e+06 -2.64748e+06 -2.64748e+06 -2.64748e+06 -2.64748e+06 -2.64748e+06 -2.64748e+06 -2.64748e+06 
E
-2.71016e+06 -2.71016e+06 -2.71016e+06 -2.71016e+06 -2.71016e+06 -2.71016e+06 -2.71016e+06 -2.71016e+06 
E
-2.77929e+06 -2.77929e+06 -2.77929e+06 -2.77929e+06 -2.77929e+06 -2.77929e+06 -2.77929e+06 -2.77929e+06 
E
-2.9672e+06 -2.9672e+06 -2.9672e+06 -2.9672e+06 -2.9672e+06 -2.9672e+06 -2.9672e+06 -2.9672e+06 
E
-2.61238e+06 -2.61238e+06 -2.61238e+06 -2.61238e+06 -2.61238e+06 -2.61238e+06 -2.61238e+06 -2.61238e+06 
E
-3.22379e+06 -3.22379e+06 -3.22379e+06 -3.22379e+06 -3.22379e+06 -3.22379e+06 -3.22379e+06 -3.22379e+06 
E
-3.34332e+06 -3.34332e+06 -3.34332e+06 -3.34332e+06 -3.34332e+06 -3.34332e+06 -3.34332e+06 -3.34332e+06 
E
-2.89824e+06 -2.89824e+06 -2.89824e+06 -2.89824e+06 -2.89824e+06 -2.89824e+06 -2.89824e+06 -2.89824e+06 
E
-3.27166e+06 -3.27166e+06 -3.27166e+06 -3.27166e+06 -3.27166e+06 -3.27166e+06 -3.27166e+06 -3.27166e+06 
E
-2.74384e+06 -2.74384e+06 -2.74384e+06 -2.74384e+06 -2.74384e+06 -2.74384e+06 -2.74384e+06 -2.74384e+06 
E
-3.39213e+06 -3.39213e+06 -3.39213e+06 -3.39213e+06 -3.39213e+06 -3.39213e+06 -3.39213e+06 -3.39213e+06 
E
-2.71066e+06 -2.71066e+06 -2.71066e+06 -2.71066e+06 -2.71066e+06 -2.71066e+06 -2.71066e+06 -2.71066e+06 
E
-2.48073e+06 -2.48073e+06 -2.48073e+06 -2.48073e+06 -2.48073e+06 -2.48073e+06 -2.48073e+06 -2.48073e+06 
E
-2.43091e+06 -2.43091e+06 -2.43091e+06 -2.43091e+06 -2.43091e+06 -2.43091e+06 -2.43091e+06 -2.43091e+06 
E
-2.63939e+06 -2.63939e+06 -2.63939e+06 -2.63939e+06 -2.63939e+06 -2.63939e+06 -2.63939e+06 -2.63939e+06 
E
-2.51928e+06 -2.51928e+06 -2.51928e+06 -2.51928e+06 -2.51928e+06 -2.51928e+06 -2.51928e+06 -2.51928e+06 
E
-2.65377e+06 -2.65377e+06 -2.65377e+06 -2.65377e+06 -2.65377e+06 -2.65377e+06 -2.65377e+06 -2.65377e+06 
E


-131676 -144684 -137229 -133556 -146091 -148762 -151177 -149847 -116751 -148437 -151740 -146087 -141551 -141532 -146093 -118391 -135658 -133550 -106446 -135659 -145847 -147960 -147424 -143881 -149537 -127476 -147424 -144682 -149847 -129841 -134258 -151177 -147423 -143646 -151733 -137310 -152516 -137777 -147960 -132801 -114630 -144206 -145291 -147966 -146863 -151721 -138647 -134018 -134258 -143659 -137310 -144682 -133477 -133013 -132339 -142332 -142564 -145778 -150938 -142332 -145778 -134932 -145304 -143646 -147179 -115177 -115178 -145778 -124492 
E
-61292.8 -67353.7 -63861 -62171.3 -68003.5 -69255.9 -70364.3 -69746.7 -54331 -69096.9 -70623.7 -68003.8 -65883 -65887.1 -68002.4 -55105.6 -63153.2 -62172.5 -49551.6 -63152 -67891.8 -68884.4 -68618 -66980.6 -69591 -59341.3 -68619.3 -67351.9 -69748.3 -60445.4 -62491.7 -70363.4 -68619.4 -66861.1 -70625.4 -63915.8 -70999.4 -64141.9 -68884.9 -61796.8 -53362.1 -67139.7 -67631.9 -68882.5 -68341.4 -70627.4 -64529.8 -62381.1 -62492.2 -66857.8 -63915.3 -67352.6 -62117.7 -61906.5 -61587.3 -66258.3 -66362.7 -67849.2 -70251.7 -66258.5 -67849 -62804.5 -67629.1 -66860.1 -68509.3 -53622.7 -53622.2 -67848 -57935.3 
E
-116330 -127805 -121191 -118003 -129052 -131419 -133528 -132368 -103111 -131120 -134033 -129049 -125027 -125033 -129053 -104607 -119848 -118000 -94063.2 -119848 -128853 -130719 -130213 -127105 -132067 -112622 -130213 -127804 -132368 -114708 -118583 -133527 -130213 -126888 -134028 -121320 -134735 -121718 -130720 -117280 -101288 -127405 -128353 -130724 -129695 -134039 -122484 -118388 -118581 -126876 -121319 -127805 -117876 -117493 -116898 -125732 -125934 -128746 -133334 -125733 -128747 -119188 -128342 -126888 -130015 -101770 -101769 -128747 -109951 
E
-84261.8 -92595.8 -87821.1 -85460.9 -93491 -95206 -96752.6 -95893.5 -74707.8 -94997.9 -97105.3 -93491.9 -90588.4 -90578.5 -93490.6 -75748.6 -86816.5 -85463.1 -68105.6 -86815.2 -93333.4 -94693.9 -94350.2 -92083.3 -95696.9 -81572.1 -94349.8 -92596.3 -95892.7 -83091.2 -85920.5 -96752.3 -94350.1 -91923.4 -97106.2 -87864.5 -97608.7 -88176.7 -94693.5 -84980.4 -73348 -92292.4 -92978.5 -94691.6 -93983.4 -97094.2 -88722.8 -85759.1 -85920 -91936.3 -87863.3 -92596 -85418.6 -85119.9 -84681.2 -91088.9 -91235.4 -93296.6 -96593.8 -91089.3 -93296.5 -86351.6 -92991.2 -91923.6 -94192.4 -73703 -73704.4 -93296.5 -79663 
E
-145122 -159455 -151226 -147194 -161007 -163949 -166605 -165144 -128649 -163591 -167219 -161004 -155995 -155989 -161008 -130482 -149516 -147192 -117313 -149516 -160740 -163072 -162467 -158576 -164785 -140490 -162468 -159456 -165144 -143098 -147960 -166605 -162468 -158305 -167217 -151332 -168087 -151851 -163071 -146336 -126341 -158934 -160129 -163074 -161837 -167211 -152796 -147696 -147959 -158309 -151331 -159455 -147089 -146587 -145834 -156867 -157120 -160644 -166342 -156867 -160643 -148700 -160132 -158305 -162202 -126940 -126942 -160644 -137185 
E
-135860 -149264 -141550 -137802 -150721 -153474 -155952 -154590 -120425 -153134 -156532 -150713 -146026 -146020 -150721 -122163 -139963 -137795 -109836 -139963 -150471 -152650 -152082 -148439 -154243 -131513 -152081 -149263 -154590 -133964 -138499 -155952 -152081 -148181 -156524 -141672 -157343 -142149 -152649 -136969 -118286 -148779 -149898 -152656 -151484 -156526 -143040 -138255 -138498 -148181 -141672 -149263 -137680 -137228 -136517 -146843 -147078 -150366 -155709 -146844 -150368 -139203 -149896 -148182 -151830 -118838 -118838 -150366 -128407 
E
-147212 -161758 -153418 -149323 -163328 -166328 -169016 -167525 -130529 -165955 -169647 -163328 -158251 -158241 -163328 -132354 -151675 -149324 -119016 -151675 -163071 -165439 -164819 -160870 -167182 -142534 -164819 -161757 -167525 -145163 -150097 -169015 -164818 -160605 -169648 -153520 -170526 -154046 -165440 -148473 -128157 -161243 -162439 -165440 -164180 -169638 -155012 -149841 -150099 -160614 -153520 -161758 -149219 -148702 -147954 -159131 -159389 -162985 -168759 -159130 -162985 -150851 -162450 -160604 -164561 -128786 -128787 -162985 -139191 
E
-147012 -161521 -153175 -149125 -163093 -166086 -168762 -167278 -130324 -165707 -169393 -163089 -158021 -158017 -163093 -132189 -151462 -149121 -118860 -151462 -162833 -165199 -164576 -160635 -166915 -142323 -164576 -161521 -167278 -144963 -149871 -168761 -164575 -160356 -169390 -153309 -170271 -153831 -165199 -148221 -127999 -161013 -162206 -165202 -163920 -169387 -154797 -149615 -149873 -160358 -153310 -161520 -148990 -148499 -147730 -158904 -159151 -162726 -168505 -158903 -162726 -150636 -162207 -160356 -164316 -128612 -128611 -162727 -138964 
E
-111934 -122996 -116641 -113526 -124184 -126463 -128508 -127371 -99227.7 -126184 -128975 -124186 -120328 -120316 -124185 -100632 -115323 -113528 -90475.8 -115323 -123969 -125780 -125322 -122314 -127095 -108352 -125321 -122997 -127372 -110380 -114127 -128508 -125322 -122090 -128977 -116711 -129649 -117131 -125779 -112857 -97445.7 -122593 -123501 -125777 -124819 -128964 -117848 -113909 -114127 -122101 -116713 -122997 -113454 -113070 -112473 -121001 -121188 -123910 -128290 -121000 -123910 -114703 -123513 -122091 -125107 -97911.5 -97910.8 -123910 -105801 
E
-113947 -125196 -118714 -115586 -126413 -128733 -130800 -129661 -100997 -128442 -131287 -126413 -122473 -122484 -126414 -102458 -117402 -115585 -92126.9 -117403 -126216 -128050 -127552 -124512 -129363 -110319 -127553 -125196 -129661 -112359 -116162 -130799 -127553 -124292 -131286 -118832 -131979 -119236 -128049 -114877 -99210.8 -124802 -125731 -128050 -127043 -131297 -119971 -115966 -116162 -124281 -118832 -125196 -115468 -115087 -114497 -123167 -123363 -126114 -130603 -123167 -126115 -116746 -125720 -124292 -127356 -99685.6 -99685.3 -126116 -107701 
E
-109497 -120300 -114109 -111072 -121473 -123701 -125706 -124599 -97088.2 -123427 -126183 -121474 -117703 -117692 -121472 -98449.9 -112816 -111074 -88529.2 -112816 -121298 -123048 -122579 -119648 -124340 -106021 -122579 -120301 -124599 -107953 -111625 -125707 -122579 -119453 -126186 -114198 -126830 -114566 -123049 -110441 -95323.6 -119921 -120819 -123047 -122111 -126173 -115304 -111451 -111625 -119465 -114198 -120299 -110981 -110603 -110063 -118347 -118552 -121213 -125530 -118347 -121214 -112186 -120830 -119452 -122405 -95797.1 -95796.6 -121214 -103534 
E
-105056 -115432 -109460 -106557 -116548 -118690 -120603 -119540 -93124.6 -118423 -121045 -116551 -112926 -112923 -116550 -94454.6 -108239 -106561 -84929.9 -108240 -116358 -118054 -117611 -114797 -119274 -101701 -117611 -115432 -119540 -103596 -107103 -120601 -117611 -114587 -121047 -109550 -121682 -109933 -118056 -105914 -91466.3 -115064 -115913 -118054 -117133 -121043 -110610 -106910 -107104 -114591 -109550 -115432 -106468 -106117 -105562 -113561 -113737 -116284 -120409 -113559 -116285 -107647 -115916 -114587 -117421 -91903.1 -91904.3 -116284 -99294.7 
E
-112558 -123653 -117279 -114171 -124854 -127150 -129201 -128066 -99794.4 -126866 -129693 -124856 -120983 -120970 -124854 -101200 -115961 -114173 -91006.1 -115962 -124672 -126471 -125991 -122976 -127786 -108974 -125991 -123654 -128066 -110968 -114731 -129203 -125991 -122764 -129696 -117380 -130360 -117758 -126473 -113503 -97993.5 -123262 -124178 -126469 -125495 -129679 -118515 -114545 -114731 -122781 -117381 -123653 -114067 -113693 -113129 -121646 -121857 -124578 -129017 -121647 -124577 -115313 -124194 -122765 -125809 -98477.6 -98477.8 -124578 -106405 
E
-104962 -115347 -109408 -106447 -116465 -118590 -120529 -119457 -93060.4 -118339 -120960 -116465 -112849 -112832 -116467 -94357.2 -108142 -106446 -84822.1 -108142 -116254 -117949 -117538 -114707 -119215 -101603 -117538 -115349 -119458 -103508 -107040 -120530 -117538 -114509 -120959 -109439 -121581 -109839 -117948 -105860 -91363.8 -114956 -115825 -117950 -117091 -120941 -110513 -106829 -107040 -114525 -109439 -115349 -106417 -106037 -105479 -113473 -113651 -116223 -120318 -113473 -116223 -107573 -115841 -114509 -117325 -91795.7 -91795.9 -116224 -99236.1 
E
-119393 -131174 -124401 -121088 -132445 -134867 -137050 -135841 -105838 -134570 -137554 -132442 -128334 -128316 -132444 -107344 -122995 -121086 -96510.6 -122995 -132215 -134138 -133653 -130443 -135545 -115562 -133654 -131173 -135842 -117724 -121717 -137051 -133654 -130206 -137552 -124485 -138264 -124920 -134137 -120365 -103944 -130740 -131716 -134139 -133120 -137537 -125695 -121489 -121715 -130221 -124485 -131172 -121004 -120602 -119963 -129045 -129250 -132145 -136823 -129047 -132146 -122333 -131731 -130206 -133424 -104432 -104432 -132145 -112841 
E
-114694 -126021 -119498 -116342 -127249 -129579 -131655 -130514 -101662 -129285 -132145 -127243 -123276 -123285 -127248 -103132 -118169 -116337 -92732.4 -118170 -127041 -128886 -128392 -125328 -130220 -111039 -128392 -126020 -130513 -113106 -116937 -131656 -128391 -125115 -132139 -119606 -132844 -120022 -128886 -115631 -99863.5 -125623 -126557 -128893 -127884 -132157 -120756 -116733 -116937 -125098 -119608 -126021 -116233 -115841 -115239 -123978 -124168 -126950 -131453 -123978 -126950 -117518 -126540 -125115 -128183 -100336 -100336 -126950 -108410 
E
-123615 -135828 -128808 -125381 -137151 -139656 -141913 -140672 -109574 -139349 -142434 -137145 -132875 -132872 -137151 -111148 -127355 -125375 -99928.3 -127357 -136914 -138904 -138392 -135077 -140362 -119663 -138392 -135828 -140671 -121902 -126036 -141913 -138393 -134842 -142428 -128902 -143177 -129353 -138904 -124633 -107621 -135384 -136400 -138911 -137851 -142432 -130150 -125805 -126035 -134838 -128902 -135827 -125285 -124863 -124211 -133624 -133832 -136836 -141683 -133625 -136835 -126670 -136397 -134843 -138156 -108124 -108123 -136834 -116842 
E
-123471 -135653 -128620 -125242 -136970 -139485 -141722 -140483 -109430 -139166 -142250 -136968 -132704 -132707 -136969 -111025 -127202 -125239 -99828.2 -127202 -136749 -138738 -138208 -134904 -140156 -119522 -138208 -135651 -140484 -121754 -125857 -141721 -138208 -134657 -142246 -128755 -142998 -129193 -138737 -124453 -107508 -135224 -136222 -138739 -137640 -142252 -129995 -125637 -125858 -134651 -128756 -135653 -125108 -124711 -124057 -133454 -133661 -136642 -141502 -133455 -136642 -126508 -136216 -134656 -137987 -108014 -108014 -136642 -116678 
E
-134311 -147556 -139959 -136234 -148994 -151721 -154183 -152819 -119084 -151382 -154763 -148989 -144375 -144349 -148994 -120764 -138366 -136228 -108586 -138367 -148755 -150907 -150356 -146740 -152504 -130019 -150357 -147555 -152821 -132425 -136920 -154183 -150355 -146497 -154760 -140059 -155548 -140523 -150907 -135439 -116934 -147081 -148180 -150912 -149771 -154738 -141427 -136688 -136920 -146516 -140061 -147555 -136131 -135678 -134984 -145162 -145399 -148673 -153950 -145163 -148671 -137618 -148200 -146496 -150119 -117492 -117493 -148672 -126971 
E
-86990.1 -95572.1 -90640.7 -88234.9 -96500.9 -98268.5 -99855.4 -98980 -77118.8 -98052 -100230 -96500.7 -93501.1 -93495.7 -96501.4 -78214.3 -89620 -88233.6 -70328.4 -89620.5 -96348.6 -97742.5 -97376.6 -95045.4 -98764.1 -84215.4 -97375.6 -95571.2 -98980.4 -85768.9 -88678.1 -99854.8 -97376.5 -94883.5 -100230 -90713.8 -100749 -91014.3 -97743 -87715.5 -75732.8 -95263.3 -95976.3 -97744.1 -96995.1 -100224 -91588.9 -88528.8 -88678.6 -94888.3 -90713.5 -95571.6 -88160.2 -87866.1 -87419.9 -94020.6 -94175.8 -96282.7 -99705.5 -94019.6 -96283 -89125.5 -95980.4 -94882 -97223.6 -76099.4 -76098.6 -96284 -82228.4 
E
-113062 -124215 -117795 -114677 -125423 -127720 -129782 -128645 -100223 -127439 -130270 -125422 -121521 -121512 -125422 -101657 -116477 -114677 -91407.6 -116475 -125223 -127035 -126558 -123530 -128355 -109450 -126558 -124215 -128646 -111477 -115248 -129781 -126558 -123309 -130269 -117901 -130944 -118289 -127037 -113992 -98433.9 -123812 -124736 -127036 -126055 -130260 -119037 -115050 -115248 -123318 -117900 -124215 -114573 -114199 -113621 -122198 -122403 -125132 -129584 -122199 -125132 -115839 -124746 -123311 -126359 -98902.8 -98903.3 -125131 -106861 
E
-126636 -139150 -131955 -128449 -140504 -143074 -145381 -144112 -112252 -142757 -145915 -140500 -136121 -136126 -140504 -113863 -130474 -128446 -102371 -130474 -140270 -142309 -141773 -138386 -143794 -122595 -141773 -139152 -144110 -124880 -129117 -145381 -141773 -138147 -145912 -132057 -146682 -132519 -142308 -127684 -110250 -138702 -139738 -142314 -141218 -145920 -133331 -128887 -129119 -138138 -132057 -139150 -128349 -127909 -127244 -136892 -137106 -140183 -145150 -136892 -140181 -129761 -139730 -138146 -141538 -110773 -110773 -140183 -119702 
E
-136396 -149842 -142102 -138354 -151300 -154081 -156556 -155187 -120916 -153729 -157152 -151300 -146598 -146594 -151301 -122643 -140520 -138355 -110287 -140520 -151073 -153259 -152672 -149022 -154843 -132049 -152672 -149843 -155187 -134484 -139033 -156556 -152671 -148763 -157149 -142240 -157966 -142709 -153260 -137519 -118757 -149375 -150480 -153260 -152063 -157145 -143612 -138806 -139033 -148770 -142239 -149844 -138218 -137766 -137067 -147415 -147655 -150956 -156329 -147415 -150957 -139740 -150483 -148765 -152444 -119333 -119333 -150957 -128925 
E
-127060 -139599 -132385 -128872 -140955 -143535 -145859 -144581 -112624 -143221 -146399 -140955 -136572 -136564 -140956 -114241 -130902 -128871 -102713 -130900 -140729 -142768 -142235 -138832 -144252 -122996 -142235 -139598 -144579 -125280 -129523 -145858 -142235 -138583 -146399 -132496 -147158 -132940 -142766 -128104 -110617 -139145 -140188 -142767 -141673 -146392 -133776 -129295 -129522 -138589 -132495 -139597 -128763 -128339 -127682 -137333 -137558 -140629 -145632 -137331 -140629 -130183 -140196 -138582 -142008 -111139 -111139 -140629 -120089 
E
-129087 -141832 -134515 -130936 -143210 -145838 -148196 -146896 -114444 -145516 -148752 -143212 -138760 -138750 -143210 -116061 -132997 -130936 -104359 -132997 -142990 -145062 -144512 -141056 -146580 -124980 -144514 -141832 -146894 -127280 -131601 -148197 -144513 -140816 -148754 -134620 -149522 -135066 -145062 -130180 -112376 -141377 -142435 -145060 -143953 -148743 -135921 -131379 -131601 -140825 -134620 -141833 -130833 -130388 -129737 -139528 -139762 -142897 -147976 -139529 -142896 -132264 -142442 -140817 -144293 -112926 -112925 -142896 -122036 
E
-130676 -143583 -136158 -132553 -144978 -147637 -150009 -148696 -115844 -147300 -150567 -144974 -140462 -140463 -144978 -117501 -134634 -132549 -105653 -134633 -144738 -146845 -146291 -142790 -148373 -126510 -146292 -143582 -148697 -128867 -133234 -150010 -146292 -142545 -150561 -136270 -151355 -136744 -146844 -131753 -113777 -143127 -144185 -146850 -145709 -150568 -137587 -132998 -133232 -142539 -136270 -143584 -132439 -131994 -131307 -141255 -141472 -144650 -149773 -141255 -144651 -133902 -144180 -142546 -146051 -114319 -114320 -144651 -123524 
E
-122334 -134418 -127486 -124079 -135724 -138206 -140449 -139212 -108455 -137906 -140967 -135721 -131504 -131493 -135723 -109986 -126038 -124077 -98889 -126037 -135502 -137466 -136960 -133677 -138916 -118429 -136960 -134416 -139213 -120624 -124726 -140450 -136961 -133450 -140967 -127568 -141695 -128004 -137467 -123366 -106496 -133977 -134984 -137468 -136431 -140956 -128806 -124503 -124725 -133458 -127569 -134416 -123997 -123572 -122940 -132233 -132449 -135425 -140229 -132234 -135426 -125352 -134993 -133448 -136737 -107005 -107005 -135426 -115647 
E
-129612 -142407 -135065 -131457 -143794 -146420 -148802 -147491 -114907 -146103 -149355 -143789 -139326 -139303 -143794 -116535 -133523 -131453 -104774 -133524 -143552 -145630 -145105 -141616 -147175 -125464 -145106 -142407 -147491 -127800 -132135 -148803 -145107 -141372 -149350 -135156 -150118 -135607 -145631 -130702 -112834 -141933 -143003 -145634 -144543 -149331 -136471 -131897 -132134 -141391 -135154 -142406 -131368 -130929 -130264 -140093 -140324 -143475 -148565 -140093 -143474 -132814 -143024 -141373 -144865 -113366 -113366 -143474 -122520 
E
-89791.6 -98672.4 -93569.7 -91067.9 -99629.7 -101448 -103092 -102186 -79592.7 -101230 -103463 -99627.1 -96526 -96520 -99628.2 -80729.3 -92511.5 -91066.4 -72576 -92511 -99448.7 -100899 -100535 -98123.7 -101962 -86918.5 -100535 -98671.7 -102185 -88553 -91558.4 -103092 -100536 -97946.4 -103459 -93625.3 -104005 -93964.5 -100899 -90533.8 -78170.5 -98343.7 -99079.9 -100902 -100139 -103458 -94532.1 -91380.7 -91559 -97948 -93625.2 -98672 -91013.1 -90701.1 -90220.5 -97069.7 -97218.5 -99401.8 -102913 -97070.6 -99402.6 -92017.9 -99080.8 -97946 -100355 -78534.7 -78535.5 -99401.1 -84870.1 
E
-144580 -158856 -150677 -146651 -160394 -163345 -165989 -164518 -128202 -162980 -166613 -160400 -155423 -155404 -160395 -129982 -148963 -146655 -116886 -148961 -160152 -162474 -161865 -157986 -164183 -139985 -161865 -158856 -164519 -142551 -147404 -165989 -161866 -157721 -166617 -150774 -167469 -151281 -162474 -145824 -125862 -158350 -159523 -162469 -161237 -166594 -152241 -147156 -147404 -157745 -150774 -158856 -146552 -146047 -145318 -156274 -156538 -160064 -165742 -156274 -160064 -148141 -159547 -157722 -161623 -126489 -126490 -160064 -136704 
E
-150648 -165516 -156964 -152816 -167126 -170198 -172940 -171416 -133554 -169806 -173590 -167122 -161931 -161923 -167125 -135456 -155205 -152812 -121806 -155206 -166864 -169289 -168648 -164606 -171050 -145849 -168648 -165515 -171417 -148549 -153575 -172939 -168647 -164324 -173588 -157106 -174490 -157632 -169289 -151897 -131164 -164999 -166216 -169290 -167975 -173582 -158630 -153316 -153575 -164331 -157106 -165517 -152674 -152173 -151395 -162832 -163089 -166756 -172681 -162832 -166757 -154364 -166222 -164324 -168388 -131797 -131795 -166756 -142406 
E
-110635 -121564 -115278 -112231 -122747 -125003 -127013 -125901 -98076.6 -124717 -127488 -122746 -118924 -118930 -122747 -99480.1 -113993 -112228 -89451 -113993 -122558 -124340 -123859 -120901 -125628 -107119 -123860 -121563 -125901 -109098 -112795 -127011 -123859 -120699 -127486 -115384 -128156 -115778 -124340 -111558 -96324.8 -121188 -122084 -124343 -123371 -127494 -116498 -112608 -112795 -120688 -115383 -121563 -112125 -111749 -111180 -119592 -119780 -122472 -126824 -119593 -122473 -113366 -122075 -120698 -123670 -96790.7 -96790 -122472 -104589 
E


-24767.8 -24768.7 -24767.6 -24768.4 -24768.5 -24768.3 -24769 -24769.1 -24769.4 -24768.6 -24767.8 -24768.4 -24768.3 -24768.2 -24768.1 -24768 -24767.6 -24768.3 -24767.5 -24768.3 -24768.7 -24769.1 -24769.2 -24769.2 -24768.8 -24768.9 -24767.7 -24768.6 -24769.4 -24769.3 -24769.3 -24767.5 
E
-27320.7 -27320.4 -27320.8 -27320.4 -27320.2 -27319.5 -27320.5 -27320 -27320.3 -27320.1 -27320.4 -27319.5 -27319.6 -27320.5 -27320.6 -27319.3 -27319.8 -27320.5 -27320 -27320.7 -27320.5 -27320 -27320.8 -27320.5 -27321.3 -27319.9 -27320 -27319.7 -27320.7 -27319.5 -27320.3 -27320.2 
E
-30237.6 -30237 -30236.8 -30236.8 -30237.8 -30237.5 -30237.3 -30237.4 -30237.4 -30236.5 -30237.6 -30237.4 -30236.4 -30236.3 -30238 -30236.4 -30236.3 -30237.9 -30237.6 -30237.3 -30237.3 -30237.2 -30237.8 -30236.3 -30237.8 -30236.5 -30236.9 -30237.7 -30236.2 -30237.3 -30238.1 -30237.3 
E
-24252.6 -24252.5 -24253.9 -24252.6 -24252.9 -24253 -24253.4 -24252.7 -24254.1 -24253.1 -24253 -24254 -24253.6 -24253.5 -24253.8 -24254.1 -24253.7 -24253 -24253.2 -24253.4 -24253.2 -24254 -24253 -24252.4 -24252.3 -24252.7 -24252.6 -24253.4 -24253.3 -24253.3 -24252.5 -24254 
E
-30227.2 -30226.6 -30228.1 -30228.2 -30226.9 -30228.3 -30226.5 -30227 -30227.1 -30226.7 -30227.8 -30227.1 -30227.8 -30227.7 -30226.7 -30226.5 -30227.9 -30227.9 -30227.4 -30228 -30227.9 -30227.2 -30228.2 -30226.5 -30228 -30227.8 -30226.7 -30226.9 -30227 -30227.4 -30226.9 -30227.2 
E
-25288 -25287.8 -25288.3 -25289 -25287.8 -25288.5 -25288.9 -25288.3 -25288.3 -25289.2 -25288 -25289.4 -25288.3 -25289.1 -25288.3 -25289.1 -25288.1 -25287.8 -25289.4 -25289.1 -25288.2 -25288.5 -25288.5 -25289.2 -25289.3 -25288.3 -25287.8 -25289.3 -25289.3 -25288.5 -25289.4 -25288.6 
E
-30749.2 -30750.4 -30750.9 -30750.1 -30749.5 -30750.6 -30750.7 -30750.3 -30749.1 -30750 -30749.5 -30749.1 -30750.2 -30750.1 -30750.2 -30750.6 -30750.9 -30749.3 -30750.3 -30750 -30750.4 -30749.1 -30750.5 -30750.5 -30750.1 -30749.9 -30750.2 -30749.4 -30749.6 -30749.3 -30750 -30749.6 
E
-26693.6 -26693.2 -26693 -26693 -26692.4 -26691.9 -26692.8 -26693.1 -26693.5 -26693.2 -26692.6 -26693.1 -26693.1 -26693.1 -26692.1 -26692.6 -26693.7 -26693.7 -26693.5 -26693 -26693.2 -26693.1 -26693.4 -26693.1 -26692.8 -26693.4 -26692.6 -26692.6 -26692.2 -26692.9 -26693 -26692.2 
E
-25768.1 -25769.1 -25769.9 -25769.6 -25769 -25770.1 -25769.9 -25769.3 -25769.8 -25769.1 -25769.7 -25768.4 -25768.9 -25769.2 -25768.4 -25768.8 -25769.8 -25768.5 -25769 -25768.2 -25769.9 -25768.5 -25768.6 -25768.1 -25768.3 -25769.3 -25768.2 -25768.4 -25769.3 -25768.8 -25769.2 -25768.6 
E
-25612.9 -25612.5 -25614.1 -25612.9 -25613.2 -25614 -25614.3 -25612.6 -25613.4 -25613.1 -25612.7 -25613.3 -25612.7 -25614.4 -25614.4 -25614.2 -25614 -25612.6 -25613.7 -25613.4 -25612.7 -25612.8 -25612.8 -25613.6 -25612.5 -25613.9 -25613.2 -25613.7 -25612.6 -25613.4 -25614.4 -25614.2 
E




-4.85641e-112 -1.04203e-111 -3.84917e-111 -9.70809e-112 -2.75383e-111 -5.52751e-112 5.76475e-112 -5.28716e-112 
E
-9.89793e-112 -8.24292e-112 -3.77461e-111 -9.62827e-112 -2.6382e-111 -2.42275e-112 8.67188e-112 -5.06411e-112 
E
-3.56081e-112 -3.69226e-112 -3.40332e-111 -8.07982e-112 -2.56625e-111 -5.84233e-112 5.3828e-112 -1.57579e-112 
E
-3.98504e-112 -7.8985e-112 -3.16887e-111 -8.82558e-112 -2.03159e-111 -8.40658e-112 1.06882e-112 -1.68782e-112 
E
-9.53786e-112 -6.95547e-112 -3.59083e-111 -8.53735e-112 -2.44335e-111 -5.54616e-112 7.89295e-112 -4.72564e-112 
E
-1.05995e-111 -8.7457e-112 -4.07769e-111 -1.07901e-111 -2.85805e-111 -6.61341e-112 5.24072e-112 -2.05004e-112 
E
-7.51086e-112 -7.02004e-112 -4.12319e-111 -9.03287e-112 -3.20005e-111 -5.47335e-112 8.30119e-112 -4.98483e-112 
E
-1.18342e-111 -9.17426e-112 -4.66817e-111 -9.61684e-112 -3.08078e-111 -7.37949e-112 9.73887e-112 -6.01924e-112 
E
2.71655e-112 -2.90199e-112 -2.35129e-111 -8.06932e-112 -2.21113e-111 -7.69807e-112 -3.69881e-112 4.15522e-112 
E
-9.79213e-112 -8.63211e-112 -3.91163e-111 -8.73826e-112 -2.65342e-111 -2.72099e-112 8.5471e-112 -5.14326e-112 
E
-4.13568e-112 -5.01069e-112 -3.84435e-111 -9.50819e-112 -2.94416e-111 -9.59191e-112 2.48155e-112 -1.58189e-112 
E
-1.0152e-111 -8.94875e-112 -4.00447e-111 -9.05927e-112 -2.75075e-111 -4.171e-112 8.35497e-112 -5.16333e-112 
E
-4.70929e-112 -6.72224e-112 -4.02798e-111 -1.0564e-111 -3.2191e-111 -5.17828e-112 6.37152e-112 -4.97193e-112 
E
-9.82713e-112 -9.29667e-112 -3.90824e-111 -9.08676e-112 -2.47298e-111 -4.0381e-112 7.13776e-112 -4.99843e-112 
E
-1.12688e-111 -8.21904e-112 -4.24289e-111 -1.00878e-111 -2.88706e-111 -6.55406e-112 9.3253e-112 -5.58355e-112 
E
-4.1345e-112 -8.49908e-112 -2.67915e-111 -7.84369e-112 -2.07913e-111 -6.58806e-112 4.05305e-112 -5.28318e-112 
E
-6.29918e-112 -8.40458e-112 -3.53341e-111 -8.58429e-112 -2.23578e-111 -3.65048e-112 4.60652e-112 -4.51912e-112 
E
-3.93873e-112 -9.54002e-112 -3.40399e-111 -9.02515e-112 -2.20909e-111 -7.09471e-112 8.74394e-113 -1.77268e-112 
E
6.19455e-113 -7.00468e-112 -2.08746e-111 -8.85892e-112 -2.03925e-111 -8.43796e-112 -5.39479e-112 1.21205e-112 
E
-5.29908e-112 -7.07111e-112 -2.9728e-111 -7.2213e-112 -1.88105e-111 -3.07128e-112 3.87471e-112 -3.80187e-112 
E
-5.52767e-112 -6.61649e-112 -3.23779e-111 -7.38604e-112 -1.93226e-111 -7.09314e-112 1.28391e-112 -1.58148e-112 
E
-8.9073e-112 -8.40339e-112 -3.62664e-111 -8.62909e-112 -2.26356e-111 -5.96019e-112 3.37809e-112 -1.77127e-112 
E
-5.48518e-112 -4.74482e-112 -2.84334e-111 -7.14832e-112 -2.27243e-111 -3.65523e-112 6.04157e-112 -3.5097e-112 
E
-9.53091e-112 -9.01577e-112 -3.83776e-111 -8.81184e-112 -2.39829e-111 -2.64838e-112 7.39781e-112 -5.00616e-112 
E
-5.31452e-112 -1.97926e-112 -2.95353e-111 -7.20816e-112 -2.19469e-111 -8.46735e-112 3.88353e-112 1.01525e-112 
E
-1.17324e-112 -4.52148e-112 -2.23902e-111 -6.75888e-112 -1.59702e-111 -5.61566e-112 -3.70504e-112 1.52719e-112 
E
-6.30439e-112 -5.45518e-112 -3.26827e-111 -8.21717e-112 -2.61206e-111 -4.20208e-112 6.94374e-112 -4.03443e-112 
E
-8.80963e-112 -7.33654e-112 -3.35946e-111 -8.56936e-112 -2.34803e-111 -2.15619e-112 7.71833e-112 -4.50745e-112 
E
-7.59028e-112 -5.88337e-112 -2.99417e-111 -6.16751e-112 -1.97601e-111 -4.733e-112 6.24656e-112 -3.8603e-112 
E
-9.43688e-112 -7.8601e-112 -2.90276e-111 -9.18108e-112 -2.5156e-111 -3.533e-112 7.80936e-112 -5.48903e-112 
E
-1.04365e-111 -6.36368e-112 -4.04571e-111 -1.07353e-111 -2.78176e-111 -5.65374e-112 9.21869e-112 -2.26005e-112 
E
-6.99157e-112 -6.5362e-112 -3.83815e-111 -8.40881e-112 -2.97879e-111 -5.09491e-112 7.72678e-112 -4.64089e-112 
E
-5.0419e-112 -4.36194e-112 -2.61374e-111 -6.57145e-112 -2.08899e-111 -3.36046e-112 5.55371e-112 -3.22633e-112 
E
-8.99208e-112 -5.32378e-112 -3.76915e-111 -8.49979e-112 -2.18499e-111 -9.63976e-112 3.94932e-112 9.09573e-113 
E
-3.43622e-112 -5.67403e-112 -3.49295e-111 -8.21646e-112 -2.69216e-111 -6.83059e-112 1.96483e-112 -1.40751e-112 
E
-3.48486e-112 -7.56099e-112 -3.01143e-111 -7.32515e-112 -1.86643e-111 -8.03335e-112 7.74752e-113 -1.56915e-112 
E
-8.13636e-112 -7.12682e-112 -3.28496e-111 -7.60675e-112 -2.23216e-111 -5.44354e-112 3.90955e-112 -1.61864e-112 
E
-9.80753e-112 -8.78424e-112 -3.72326e-111 -9.84909e-112 -2.42951e-111 -3.67178e-112 7.19304e-112 -4.85957e-112 
E
-9.63935e-112 -9.09369e-112 -3.92431e-111 -9.33747e-112 -2.44934e-111 -6.44948e-112 3.65549e-112 -1.91696e-112 
E
1.11513e-112 -1.41992e-112 -2.67694e-111 -6.86335e-112 -2.22358e-111 -8.86793e-112 -3.5497e-112 4.28576e-112 
E
-3.94838e-112 -9.01635e-112 -2.55857e-111 -8.16522e-112 -2.07549e-111 -4.49368e-112 3.8703e-112 -5.04612e-112 
E
-7.64409e-112 -6.80882e-112 -2.9658e-111 -8.03263e-112 -1.91055e-111 -4.76899e-112 3.02795e-112 -1.47897e-112 
E
-8.94577e-112 -7.51126e-112 -3.5577e-111 -7.55736e-112 -2.15601e-111 -5.57855e-112 6.49756e-112 -4.55014e-112 
E
-7.65678e-112 -5.98934e-112 -2.97018e-111 -7.42224e-112 -1.83037e-111 -6.43511e-112 3.03333e-112 -1.48161e-112 
E
-5.27813e-112 -2.44813e-112 -2.98135e-111 -6.18026e-112 -2.1691e-111 -6.69336e-112 6.25667e-112 -1.38102e-112 
E
-1.05739e-111 -8.7974e-112 -4.30506e-111 -9.35953e-112 -2.56918e-111 -9.43133e-112 4.0102e-112 -2.1029e-112 
E
-1.49602e-112 -6.27503e-112 -3.29266e-111 -8.92777e-112 -2.43472e-111 -9.83207e-112 7.85982e-113 -1.43528e-112 
E
-5.07665e-112 -3.96187e-112 -2.88478e-111 -7.72546e-112 -1.72587e-111 -7.33195e-112 1.75014e-112 7.10432e-113 
E
-9.79347e-112 -5.97109e-112 -3.79661e-111 -1.00732e-111 -2.61049e-111 -5.3053e-112 8.65089e-112 -2.12067e-112 
E
-3.83918e-112 -3.99811e-112 -4.01994e-111 -9.76595e-112 -3.00814e-111 -9.38892e-112 2.78038e-112 1.35463e-112 
E
-3.47355e-112 -7.53729e-112 -3.00186e-111 -7.30184e-112 -1.86051e-111 -8.00801e-112 7.71366e-113 -1.56379e-112 
E
-8.41509e-112 -7.00861e-112 -3.20898e-111 -8.1861e-112 -2.24287e-111 -2.06005e-112 7.37279e-112 -4.30589e-112 
E
-3.86406e-112 -3.53883e-112 -3.4048e-111 -9.16442e-112 -2.6422e-111 -5.73336e-112 5.72369e-112 -1.60849e-112 
E
-1.82552e-112 -6.73844e-112 -3.18117e-111 -8.90589e-112 -2.66021e-111 -5.43759e-112 4.83547e-112 -4.19122e-112 
E
3.50884e-112 -4.85494e-112 -2.79557e-111 -7.47897e-112 -2.53726e-111 -9.87347e-112 -5.21444e-112 2.37934e-112 
E
-9.31376e-112 -7.7573e-112 -3.50673e-111 -9.06132e-112 -2.48268e-111 -3.48704e-112 7.70789e-112 -4.61473e-112 
E
-5.65362e-112 -7.03034e-112 -3.18581e-111 -7.44824e-112 -2.16112e-111 -2.21587e-112 5.30305e-112 -4.18893e-112 
E
-6.67145e-112 -3.50773e-112 -3.70834e-111 -9.81779e-112 -2.85809e-111 -8.58411e-112 4.87562e-112 1.27508e-112 
E
-3.61995e-112 -5.57383e-112 -3.71152e-111 -8.19846e-112 -2.5479e-111 -9.24849e-112 1.13848e-112 -1.4829e-112 
E
-9.09745e-112 -7.57761e-112 -3.42519e-111 -8.85075e-112 -2.42492e-111 -3.406e-112 7.52866e-112 -4.50789e-112 
E
-6.77059e-112 -3.55926e-112 -3.76344e-111 -9.96311e-112 -2.90049e-111 -8.71155e-112 4.94697e-112 1.29487e-112 
E
-6.53747e-112 -5.656e-112 -2.76273e-111 -8.5202e-112 -2.7085e-111 -4.35705e-112 7.20038e-112 -4.96601e-112 
E
-4.27782e-112 -6.76241e-112 -3.97169e-111 -9.12397e-112 -3.08249e-111 -5.27202e-112 5.88395e-112 -4.80195e-112 
E
-7.83978e-112 -4.64039e-112 -3.28572e-111 -7.40876e-112 -1.90467e-111 -8.40276e-112 3.44377e-112 7.92541e-113 
E
-2.75442e-112 -5.02128e-112 -2.82419e-111 -6.82345e-112 -2.0168e-111 -5.47666e-112 8.66006e-113 -1.12831e-112 
E
6.37532e-113 -8.18579e-112 -2.79826e-111 -9.85031e-112 -2.19645e-111 -6.7317e-112 -5.55254e-112 2.06017e-112 
E
6.92287e-113 -8.88739e-112 -3.03833e-111 -1.06948e-111 -2.38487e-111 -7.3091e-112 -6.02856e-112 2.23715e-112 
E
-5.21293e-112 -2.74036e-112 -2.89791e-111 -7.67201e-112 -2.23357e-111 -6.70812e-112 3.80993e-112 9.96684e-113 
E
1.07191e-112 -2.03241e-112 -3.12428e-111 -9.40877e-112 -2.47697e-111 -1.02478e-111 -4.85081e-112 5.07201e-112 
E


-2.9877e-112 -6.42496e-112 -5.01503e-112 -3.14636e-112 -2.20191e-112 -4.12161e-112 -5.41958e-112 -5.95121e-112 -4.67659e-112 -5.09876e-112 -4.47492e-112 -5.76502e-112 -4.00724e-112 -6.09112e-112 -5.38785e-112 -1.57435e-112 -3.91078e-112 -4.6458e-112 -2.10605e-112 -4.35295e-112 -5.84194e-112 -5.60709e-112 -5.77109e-112 -4.73529e-112 -4.65868e-112 -2.20943e-112 -6.73046e-112 -5.84453e-112 -5.91247e-112 -4.82216e-112 -3.76051e-112 -4.86345e-112 -3.52664e-112 -4.60111e-112 -4.19081e-112 -5.07881e-112 -5.61851e-112 -1.97662e-112 -3.72532e-112 -4.9586e-112 -2.7556e-112 -2.75701e-112 -4.28088e-112 -5.80088e-112 -4.97525e-112 -5.38901e-112 -4.56136e-112 -4.00815e-112 -5.05563e-112 -7.10293e-112 -3.25922e-112 -3.95803e-112 -6.91563e-112 -5.01322e-112 -3.56784e-112 -6.26528e-112 -5.68033e-112 -5.18811e-112 -2.89335e-112 -3.76738e-112 -6.14692e-112 -2.58861e-112 -5.60188e-112 -4.24996e-112 -2.18868e-112 -4.13721e-112 -4.11929e-112 -5.22683e-112 -4.58356e-112 
E
-1.391e-112 -2.99095e-112 -2.33425e-112 -1.4648e-112 -1.02507e-112 -1.91871e-112 -2.52282e-112 -2.77021e-112 -2.17661e-112 -2.37366e-112 -2.08282e-112 -2.68365e-112 -1.86507e-112 -2.8355e-112 -2.50798e-112 -7.32995e-113 -1.8206e-112 -2.16269e-112 -9.80573e-113 -2.02637e-112 -2.71933e-112 -2.61022e-112 -2.68627e-112 -2.20439e-112 -2.16811e-112 -1.02855e-112 -3.13305e-112 -2.7206e-112 -2.75218e-112 -2.24492e-112 -1.75051e-112 -2.26356e-112 -1.6416e-112 -2.14179e-112 -1.95075e-112 -2.36419e-112 -2.61542e-112 -9.20415e-113 -1.73439e-112 -2.30737e-112 -1.28294e-112 -1.28344e-112 -1.99285e-112 -2.70041e-112 -2.31574e-112 -2.50865e-112 -2.12318e-112 -1.86567e-112 -2.35334e-112 -3.30621e-112 -1.51722e-112 -1.84273e-112 -3.21864e-112 -2.3337e-112 -1.66076e-112 -2.91651e-112 -2.64429e-112 -2.41487e-112 -1.34667e-112 -1.7537e-112 -2.86136e-112 -1.20493e-112 -2.60746e-112 -1.97824e-112 -1.01884e-112 -1.92602e-112 -1.91763e-112 -2.43282e-112 -2.13365e-112 
E
-2.64013e-112 -5.67533e-112 -4.42953e-112 -2.78046e-112 -1.94502e-112 -3.64101e-112 -4.78758e-112 -5.2568e-112 -4.13119e-112 -4.50392e-112 -3.95281e-112 -5.09265e-112 -3.53953e-112 -5.38088e-112 -4.75924e-112 -1.39147e-112 -3.4552e-112 -4.10474e-112 -1.86138e-112 -3.84562e-112 -5.16091e-112 -4.95336e-112 -5.09786e-112 -4.18273e-112 -4.11464e-112 -1.95217e-112 -5.9453e-112 -5.16216e-112 -5.22285e-112 -4.26058e-112 -3.32163e-112 -4.29572e-112 -3.11542e-112 -4.06475e-112 -3.70235e-112 -4.4871e-112 -4.96335e-112 -1.74715e-112 -3.2917e-112 -4.3792e-112 -2.43528e-112 -2.43591e-112 -3.78213e-112 -5.12484e-112 -4.39463e-112 -4.76071e-112 -4.02976e-112 -3.54113e-112 -4.4659e-112 -6.27444e-112 -2.87999e-112 -3.4968e-112 -6.10799e-112 -4.42919e-112 -3.15217e-112 -5.53458e-112 -5.01825e-112 -4.58233e-112 -2.55617e-112 -3.32831e-112 -5.42977e-112 -2.28673e-112 -4.9482e-112 -3.7542e-112 -1.93362e-112 -3.65569e-112 -3.63972e-112 -4.61678e-112 -4.04926e-112 
E
-1.91194e-112 -4.11205e-112 -3.20942e-112 -2.01302e-112 -1.40939e-112 -2.6375e-112 -3.46842e-112 -3.80872e-112 -2.99231e-112 -3.26335e-112 -2.86364e-112 -3.68948e-112 -2.56429e-112 -3.8982e-112 -3.44806e-112 -1.00741e-112 -2.50274e-112 -2.97259e-112 -1.34743e-112 -2.78565e-112 -3.73826e-112 -3.58843e-112 -3.6931e-112 -3.03085e-112 -2.98117e-112 -1.41368e-112 -4.30728e-112 -3.74053e-112 -3.78386e-112 -3.08569e-112 -2.40663e-112 -3.11231e-112 -2.25667e-112 -2.94428e-112 -2.68165e-112 -3.24975e-112 -3.59555e-112 -1.26479e-112 -2.38391e-112 -3.17321e-112 -1.76325e-112 -1.76397e-112 -2.73975e-112 -3.71213e-112 -3.18396e-112 -3.44868e-112 -2.91855e-112 -2.56457e-112 -3.23525e-112 -4.54527e-112 -2.08551e-112 -2.53316e-112 -4.42558e-112 -3.20798e-112 -2.28308e-112 -4.00943e-112 -3.63521e-112 -3.32027e-112 -1.85137e-112 -2.41061e-112 -3.93372e-112 -1.65654e-112 -3.58498e-112 -2.71979e-112 -1.4007e-112 -2.64703e-112 -2.63559e-112 -3.34469e-112 -2.93298e-112 
E
-3.29304e-112 -7.08098e-112 -5.52681e-112 -3.46775e-112 -2.42679e-112 -4.54225e-112 -5.97294e-112 -6.55881e-112 -5.15338e-112 -5.61943e-112 -4.93144e-112 -6.35363e-112 -4.416e-112 -6.71318e-112 -5.93789e-112 -1.73532e-112 -4.31029e-112 -5.1201e-112 -2.32123e-112 -4.7975e-112 -6.43841e-112 -6.17972e-112 -6.36011e-112 -5.21894e-112 -5.13372e-112 -2.43496e-112 -7.41757e-112 -6.44107e-112 -6.51618e-112 -5.31467e-112 -4.1444e-112 -5.35963e-112 -3.88661e-112 -5.07071e-112 -4.6185e-112 -5.59728e-112 -6.19219e-112 -2.1788e-112 -4.10586e-112 -5.46382e-112 -3.03724e-112 -3.03854e-112 -4.71828e-112 -6.39331e-112 -5.48301e-112 -5.93936e-112 -5.02696e-112 -4.41723e-112 -5.57176e-112 -7.82788e-112 -3.59203e-112 -4.36236e-112 -7.62108e-112 -5.52511e-112 -3.93189e-112 -6.90497e-112 -6.26048e-112 -5.71748e-112 -3.18868e-112 -4.15199e-112 -6.77419e-112 -2.85278e-112 -6.17361e-112 -4.68387e-112 -2.41217e-112 -4.55955e-112 -4.53971e-112 -5.76e-112 -5.05135e-112 
E
-3.08307e-112 -6.62831e-112 -5.17336e-112 -3.24695e-112 -2.27161e-112 -4.25194e-112 -5.59115e-112 -6.13939e-112 -4.82442e-112 -5.26001e-112 -4.61636e-112 -5.94759e-112 -4.13395e-112 -6.28409e-112 -5.55843e-112 -1.62486e-112 -4.03506e-112 -4.79342e-112 -2.17352e-112 -4.49107e-112 -6.02724e-112 -5.78469e-112 -5.95389e-112 -4.88502e-112 -4.8056e-112 -2.27957e-112 -6.94353e-112 -6.02904e-112 -6.09973e-112 -4.97586e-112 -3.87938e-112 -5.01711e-112 -3.63851e-112 -4.74674e-112 -4.32363e-112 -5.23997e-112 -5.79651e-112 -2.0402e-112 -3.84387e-112 -5.1143e-112 -2.84384e-112 -2.84485e-112 -4.41698e-112 -5.98514e-112 -5.13255e-112 -5.55992e-112 -4.70624e-112 -4.1353e-112 -5.21576e-112 -7.32776e-112 -3.36285e-112 -4.08381e-112 -7.13386e-112 -5.17267e-112 -3.68091e-112 -6.46388e-112 -5.86059e-112 -5.35176e-112 -2.98519e-112 -3.88712e-112 -6.34105e-112 -2.6707e-112 -5.77896e-112 -4.38447e-112 -2.25807e-112 -4.26892e-112 -4.2502e-112 -5.39193e-112 -4.72859e-112 
E
-3.34048e-112 -7.18337e-112 -5.60704e-112 -3.51775e-112 -2.4618e-112 -4.60857e-112 -6.05959e-112 -6.65377e-112 -5.22883e-112 -5.70093e-112 -5.00318e-112 -6.44561e-112 -4.48012e-112 -6.81039e-112 -6.02364e-112 -1.76017e-112 -4.37256e-112 -5.19445e-112 -2.35476e-112 -4.86694e-112 -6.53155e-112 -6.26932e-112 -6.45212e-112 -5.29441e-112 -5.2084e-112 -2.47047e-112 -7.52495e-112 -6.53445e-112 -6.6103e-112 -5.39109e-112 -4.20448e-112 -5.43736e-112 -3.9428e-112 -5.14457e-112 -4.68569e-112 -5.67862e-112 -6.28188e-112 -2.20997e-112 -4.1654e-112 -5.544e-112 -3.08086e-112 -3.08232e-112 -4.78609e-112 -6.48561e-112 -5.56234e-112 -6.0252e-112 -5.09965e-112 -4.48136e-112 -5.65237e-112 -7.94146e-112 -3.64428e-112 -4.42527e-112 -7.73172e-112 -5.60488e-112 -3.98929e-112 -7.00474e-112 -6.35095e-112 -5.80062e-112 -3.23476e-112 -4.2119e-112 -6.87302e-112 -2.89406e-112 -6.26326e-112 -4.75162e-112 -2.4472e-112 -4.62579e-112 -4.60587e-112 -5.84382e-112 -5.12507e-112 
E
-3.33646e-112 -7.17297e-112 -5.59862e-112 -3.5137e-112 -2.4583e-112 -4.60162e-112 -6.05087e-112 -6.64401e-112 -5.22132e-112 -5.69243e-112 -4.9959e-112 -6.43644e-112 -4.47369e-112 -6.80073e-112 -6.01512e-112 -1.75835e-112 -4.36675e-112 -5.18751e-112 -2.35212e-112 -4.86028e-112 -6.5226e-112 -6.26034e-112 -6.4431e-112 -5.28656e-112 -5.20059e-112 -2.46705e-112 -7.51414e-112 -6.52448e-112 -6.60102e-112 -5.38448e-112 -4.19821e-112 -5.42948e-112 -3.93739e-112 -5.13711e-112 -4.67919e-112 -5.67081e-112 -6.27299e-112 -2.20779e-112 -4.15995e-112 -5.53513e-112 -3.07752e-112 -3.07845e-112 -4.77993e-112 -6.47704e-112 -5.5543e-112 -6.0169e-112 -5.09291e-112 -4.47519e-112 -5.64437e-112 -7.93014e-112 -3.63947e-112 -4.41935e-112 -7.72017e-112 -5.59768e-112 -3.98377e-112 -6.99501e-112 -6.34226e-112 -5.79172e-112 -3.23049e-112 -4.20639e-112 -6.86257e-112 -2.89011e-112 -6.25409e-112 -4.74482e-112 -2.4438e-112 -4.61983e-112 -4.59971e-112 -5.8351e-112 -5.11749e-112 
E
-2.54007e-112 -5.46209e-112 -4.26301e-112 -2.67471e-112 -1.87195e-112 -3.50352e-112 -4.6071e-112 -5.05898e-112 -3.97479e-112 -4.33464e-112 -3.80375e-112 -4.90084e-112 -3.40632e-112 -5.17807e-112 -4.58013e-112 -1.33848e-112 -3.32465e-112 -3.94906e-112 -1.79039e-112 -3.70043e-112 -4.96592e-112 -4.76655e-112 -4.90587e-112 -4.02566e-112 -3.95971e-112 -1.87797e-112 -5.72158e-112 -4.9684e-112 -5.02605e-112 -4.09959e-112 -3.19677e-112 -4.13406e-112 -2.99792e-112 -3.91093e-112 -3.56228e-112 -4.31705e-112 -4.77617e-112 -1.68064e-112 -3.16697e-112 -4.2141e-112 -2.34272e-112 -2.34371e-112 -3.63928e-112 -4.93134e-112 -4.22914e-112 -4.58116e-112 -3.87728e-112 -3.40676e-112 -4.29767e-112 -6.03776e-112 -2.77028e-112 -3.36508e-112 -5.87843e-112 -4.26181e-112 -3.03266e-112 -5.32614e-112 -4.82894e-112 -4.41014e-112 -2.4593e-112 -3.20259e-112 -5.22508e-112 -2.20059e-112 -4.76191e-112 -3.61265e-112 -1.86056e-112 -3.51679e-112 -3.50141e-112 -4.44288e-112 -3.89597e-112 
E
-2.58608e-112 -5.55963e-112 -4.33916e-112 -2.72333e-112 -1.90541e-112 -3.5666e-112 -4.68988e-112 -5.14964e-112 -4.04629e-112 -4.41221e-112 -3.87187e-112 -4.9887e-112 -3.46704e-112 -5.27116e-112 -4.6621e-112 -1.3629e-112 -3.38463e-112 -4.02063e-112 -1.82309e-112 -3.76709e-112 -5.05545e-112 -4.85237e-112 -4.99362e-112 -4.09766e-112 -4.03036e-112 -1.91214e-112 -5.82396e-112 -5.05696e-112 -5.11629e-112 -4.17329e-112 -3.25393e-112 -4.20787e-112 -3.05164e-112 -3.9816e-112 -3.62651e-112 -4.39523e-112 -4.86204e-112 -1.7113e-112 -3.22434e-112 -4.28936e-112 -2.38531e-112 -2.38599e-112 -3.70493e-112 -5.02016e-112 -4.30484e-112 -4.66359e-112 -3.94719e-112 -3.46853e-112 -4.37474e-112 -6.14621e-112 -2.82089e-112 -3.4254e-112 -5.98318e-112 -4.33844e-112 -3.08746e-112 -5.42159e-112 -4.91578e-112 -4.48883e-112 -2.50375e-112 -3.26014e-112 -5.31888e-112 -2.23987e-112 -4.84717e-112 -3.6776e-112 -1.8941e-112 -3.58059e-112 -3.56497e-112 -4.5223e-112 -3.96643e-112 
E
-2.48478e-112 -5.34227e-112 -4.17045e-112 -2.6164e-112 -1.83059e-112 -3.42774e-112 -4.50729e-112 -4.94885e-112 -3.88927e-112 -4.24001e-112 -3.72142e-112 -4.79404e-112 -3.33227e-112 -5.06557e-112 -4.47977e-112 -1.30929e-112 -3.25242e-112 -3.86371e-112 -1.75148e-112 -3.62009e-112 -4.85817e-112 -4.6631e-112 -4.79888e-112 -3.9376e-112 -3.87398e-112 -1.83756e-112 -5.59663e-112 -4.85969e-112 -4.9164e-112 -4.0093e-112 -3.12704e-112 -4.04432e-112 -2.93251e-112 -3.8266e-112 -3.48538e-112 -4.22391e-112 -4.67242e-112 -1.64369e-112 -3.09835e-112 -4.12416e-112 -2.29159e-112 -2.29239e-112 -3.55959e-112 -4.82362e-112 -4.13703e-112 -4.48113e-112 -3.79305e-112 -3.33331e-112 -4.20395e-112 -5.90685e-112 -2.71101e-112 -3.29106e-112 -5.75074e-112 -4.16888e-112 -2.96754e-112 -5.20958e-112 -4.72389e-112 -4.31432e-112 -2.40616e-112 -3.13262e-112 -5.11204e-112 -2.1525e-112 -4.65871e-112 -3.53414e-112 -1.82044e-112 -3.44064e-112 -3.42585e-112 -4.34644e-112 -3.81212e-112 
E
-2.38423e-112 -5.12613e-112 -4.00081e-112 -2.51071e-112 -1.75677e-112 -3.28832e-112 -4.32397e-112 -4.74788e-112 -3.73072e-112 -4.06811e-112 -3.56996e-112 -4.59956e-112 -3.1969e-112 -4.85985e-112 -4.29843e-112 -1.25644e-112 -3.12048e-112 -3.70672e-112 -1.68072e-112 -3.47312e-112 -4.66085e-112 -4.47367e-112 -4.60426e-112 -3.77803e-112 -3.71616e-112 -1.76279e-112 -5.36978e-112 -4.66268e-112 -4.71702e-112 -3.84779e-112 -3.00016e-112 -3.8798e-112 -2.81367e-112 -3.67075e-112 -3.34354e-112 -4.05207e-112 -4.48265e-112 -1.57768e-112 -2.97266e-112 -3.95496e-112 -2.19907e-112 -2.19981e-112 -3.41567e-112 -4.62837e-112 -3.96902e-112 -4.29962e-112 -3.63915e-112 -3.19763e-112 -4.03347e-112 -5.6667e-112 -2.60043e-112 -3.15828e-112 -5.5168e-112 -4.00007e-112 -2.84653e-112 -4.99871e-112 -4.53224e-112 -4.13886e-112 -2.30826e-112 -3.00583e-112 -4.90397e-112 -2.06533e-112 -4.46918e-112 -3.39055e-112 -1.74631e-112 -3.30109e-112 -3.28664e-112 -4.16972e-112 -3.65678e-112 
E
-2.55441e-112 -5.49102e-112 -4.28659e-112 -2.68985e-112 -1.88124e-112 -3.52333e-112 -4.63286e-112 -5.08642e-112 -3.99782e-112 -4.358e-112 -3.82517e-112 -4.92761e-112 -3.42543e-112 -5.20664e-112 -4.60436e-112 -1.34599e-112 -3.34321e-112 -3.97173e-112 -1.80073e-112 -3.72108e-112 -4.99363e-112 -4.79287e-112 -4.93289e-112 -4.04693e-112 -3.98184e-112 -1.88884e-112 -5.75265e-112 -4.99484e-112 -5.053e-112 -4.12159e-112 -3.21411e-112 -4.15704e-112 -3.01456e-112 -3.93312e-112 -3.5827e-112 -4.34183e-112 -4.80263e-112 -1.68991e-112 -3.18501e-112 -4.23861e-112 -2.35585e-112 -2.35666e-112 -3.65846e-112 -4.95808e-112 -4.25204e-112 -4.60584e-112 -3.89907e-112 -3.42623e-112 -4.32116e-112 -6.07156e-112 -2.78655e-112 -3.38293e-112 -5.91102e-112 -4.28565e-112 -3.05035e-112 -5.35484e-112 -4.85572e-112 -4.43439e-112 -2.47322e-112 -3.22032e-112 -5.25439e-112 -2.21276e-112 -4.78856e-112 -3.63233e-112 -1.87122e-112 -3.53709e-112 -3.5217e-112 -4.46771e-112 -3.91835e-112 
E
-2.38132e-112 -5.12254e-112 -3.99806e-112 -2.50738e-112 -1.75584e-112 -3.28525e-112 -4.32032e-112 -4.74461e-112 -3.72706e-112 -4.06513e-112 -3.56703e-112 -4.59589e-112 -3.19431e-112 -4.85581e-112 -4.29551e-112 -1.25472e-112 -3.1174e-112 -3.70256e-112 -1.67817e-112 -3.46988e-112 -4.65667e-112 -4.46991e-112 -4.6005e-112 -3.77568e-112 -3.71365e-112 -1.76076e-112 -5.36563e-112 -4.65982e-112 -4.71369e-112 -3.84382e-112 -2.99804e-112 -3.87701e-112 -2.81111e-112 -3.66735e-112 -3.34016e-112 -4.04781e-112 -4.47885e-112 -1.57532e-112 -2.96916e-112 -3.95248e-112 -2.19616e-112 -2.19742e-112 -3.41296e-112 -4.62422e-112 -3.96637e-112 -4.29615e-112 -3.63557e-112 -3.19445e-112 -4.03026e-112 -5.66189e-112 -2.59732e-112 -3.15549e-112 -5.51311e-112 -3.99588e-112 -2.84345e-112 -4.99472e-112 -4.52814e-112 -4.1361e-112 -2.30613e-112 -3.00288e-112 -4.89993e-112 -2.06347e-112 -4.46568e-112 -3.38811e-112 -1.7446e-112 -3.29692e-112 -3.28263e-112 -4.16643e-112 -3.65322e-112 
E
-2.70933e-112 -5.82515e-112 -4.54677e-112 -2.85326e-112 -1.99611e-112 -3.73669e-112 -4.9137e-112 -5.39544e-112 -4.2398e-112 -4.62267e-112 -4.05705e-112 -5.22692e-112 -3.6333e-112 -5.52263e-112 -4.88477e-112 -1.42774e-112 -3.54603e-112 -4.21242e-112 -1.9099e-112 -3.94686e-112 -5.29682e-112 -5.08364e-112 -5.23264e-112 -4.29302e-112 -4.22344e-112 -2.00313e-112 -6.10229e-112 -5.29861e-112 -5.36037e-112 -4.37273e-112 -3.40941e-112 -4.40943e-112 -3.19771e-112 -4.17134e-112 -3.79973e-112 -4.60484e-112 -5.09416e-112 -1.79272e-112 -3.37795e-112 -4.49468e-112 -2.49901e-112 -2.50006e-112 -3.88126e-112 -5.25972e-112 -4.51057e-112 -4.88603e-112 -4.13592e-112 -3.63388e-112 -4.58385e-112 -6.44e-112 -2.95491e-112 -3.58882e-112 -6.26992e-112 -4.54591e-112 -3.23475e-112 -5.68065e-112 -5.15043e-112 -4.70352e-112 -2.62327e-112 -3.41614e-112 -5.57275e-112 -2.34717e-112 -5.07894e-112 -3.85304e-112 -1.98444e-112 -3.75142e-112 -3.73494e-112 -4.73878e-112 -4.15543e-112 
E
-2.60286e-112 -5.59633e-112 -4.36773e-112 -2.74144e-112 -1.91811e-112 -3.59014e-112 -4.72048e-112 -5.18356e-112 -4.07306e-112 -4.44113e-112 -3.89729e-112 -5.02151e-112 -3.48982e-112 -5.30569e-112 -4.69311e-112 -1.37176e-112 -3.40671e-112 -4.04724e-112 -1.8351e-112 -3.7918e-112 -5.08887e-112 -4.88418e-112 -5.02657e-112 -4.12455e-112 -4.05698e-112 -1.9248e-112 -5.86239e-112 -5.09043e-112 -5.1501e-112 -4.20104e-112 -3.27543e-112 -4.23557e-112 -3.07184e-112 -4.00787e-112 -3.65036e-112 -4.42425e-112 -4.89405e-112 -1.72251e-112 -3.24538e-112 -4.3173e-112 -2.40095e-112 -2.40195e-112 -3.72934e-112 -5.05348e-112 -4.33333e-112 -4.69456e-112 -3.97345e-112 -3.49155e-112 -4.40375e-112 -6.18681e-112 -2.83928e-112 -3.44791e-112 -6.02264e-112 -4.36693e-112 -3.1076e-112 -5.45756e-112 -4.94792e-112 -4.5184e-112 -2.52024e-112 -3.2818e-112 -5.35391e-112 -2.25455e-112 -4.87891e-112 -3.70191e-112 -1.90634e-112 -3.60433e-112 -3.58863e-112 -4.55225e-112 -3.99258e-112 
E
-2.80511e-112 -6.03179e-112 -4.70745e-112 -2.95401e-112 -2.06747e-112 -3.86883e-112 -5.08756e-112 -5.58677e-112 -4.38941e-112 -4.78658e-112 -4.20043e-112 -5.41205e-112 -3.76134e-112 -5.71818e-112 -5.05819e-112 -1.47833e-112 -3.67151e-112 -4.3612e-112 -1.97732e-112 -4.08646e-112 -5.48419e-112 -5.26379e-112 -5.41752e-112 -4.44556e-112 -4.37271e-112 -2.07403e-112 -6.3183e-112 -5.48652e-112 -5.55073e-112 -4.52751e-112 -3.53012e-112 -4.56518e-112 -3.3106e-112 -4.31908e-112 -3.93388e-112 -4.76759e-112 -5.27442e-112 -1.85617e-112 -3.49735e-112 -4.65354e-112 -2.58739e-112 -2.58833e-112 -4.0195e-112 -5.44609e-112 -4.67053e-112 -5.05933e-112 -4.28197e-112 -3.76254e-112 -4.74601e-112 -6.66757e-112 -3.05966e-112 -3.71614e-112 -6.49128e-112 -4.70638e-112 -3.34905e-112 -5.88182e-112 -5.33266e-112 -4.86991e-112 -2.71615e-112 -3.53675e-112 -5.7699e-112 -2.43e-112 -5.25837e-112 -3.98975e-112 -2.05457e-112 -3.88382e-112 -3.86686e-112 -4.90611e-112 -4.30243e-112 
E
-2.80241e-112 -6.0239e-112 -4.70128e-112 -2.95125e-112 -2.06447e-112 -3.86425e-112 -5.08136e-112 -5.57933e-112 -4.38444e-112 -4.78041e-112 -4.1953e-112 -5.40528e-112 -3.75685e-112 -5.71112e-112 -5.0514e-112 -1.47703e-112 -3.66736e-112 -4.35651e-112 -1.97572e-112 -4.08168e-112 -5.47754e-112 -5.25727e-112 -5.4109e-112 -4.43949e-112 -4.36696e-112 -2.0718e-112 -6.31032e-112 -5.479e-112 -5.54336e-112 -4.52254e-112 -3.52548e-112 -4.55934e-112 -3.30673e-112 -4.31387e-112 -3.92946e-112 -4.76224e-112 -5.26792e-112 -1.85468e-112 -3.4938e-112 -4.64734e-112 -2.58501e-112 -2.58553e-112 -4.01437e-112 -5.4395e-112 -4.66425e-112 -5.0529e-112 -4.27705e-112 -3.75813e-112 -4.74001e-112 -6.65937e-112 -3.05646e-112 -3.71175e-112 -6.48277e-112 -4.70134e-112 -3.34547e-112 -5.87443e-112 -5.32638e-112 -4.86344e-112 -2.71292e-112 -3.53274e-112 -5.76271e-112 -2.42725e-112 -5.25183e-112 -3.98446e-112 -2.05228e-112 -3.88002e-112 -3.86291e-112 -4.89998e-112 -4.29737e-112 
E
-3.04791e-112 -6.55276e-112 -5.11524e-112 -3.20984e-112 -2.24541e-112 -4.20399e-112 -5.52811e-112 -6.06985e-112 -4.77068e-112 -5.20025e-112 -4.56458e-112 -5.88018e-112 -4.08762e-112 -6.21297e-112 -5.49509e-112 -1.60616e-112 -3.98928e-112 -4.73928e-112 -2.14863e-112 -4.44026e-112 -5.95907e-112 -5.71919e-112 -5.88661e-112 -4.82936e-112 -4.75185e-112 -2.2538e-112 -6.86478e-112 -5.9606e-112 -6.03036e-112 -4.91875e-112 -3.83545e-112 -4.96087e-112 -3.5973e-112 -4.69324e-112 -4.27509e-112 -5.18088e-112 -5.73097e-112 -2.01654e-112 -3.80027e-112 -5.058e-112 -2.81129e-112 -2.81235e-112 -4.36627e-112 -5.91701e-112 -5.07446e-112 -5.49663e-112 -4.65301e-112 -4.08856e-112 -5.15668e-112 -7.24528e-112 -3.3249e-112 -4.03697e-112 -7.05394e-112 -5.11402e-112 -3.63973e-112 -6.39037e-112 -5.79414e-112 -5.29157e-112 -2.95149e-112 -3.84297e-112 -6.26974e-112 -2.6405e-112 -5.71407e-112 -4.33477e-112 -2.23269e-112 -4.22056e-112 -4.20222e-112 -5.33134e-112 -4.67537e-112 
E
-1.97405e-112 -4.24403e-112 -3.31282e-112 -2.07884e-112 -1.45426e-112 -2.72283e-112 -3.58033e-112 -3.9312e-112 -3.08937e-112 -3.36813e-112 -2.95608e-112 -3.80836e-112 -2.64713e-112 -4.02392e-112 -3.55888e-112 -1.04024e-112 -2.58372e-112 -3.06939e-112 -1.3916e-112 -2.87577e-112 -3.85936e-112 -3.70415e-112 -3.81237e-112 -3.1279e-112 -3.07725e-112 -1.45969e-112 -4.44605e-112 -3.8605e-112 -3.90555e-112 -3.18562e-112 -2.48409e-112 -3.21268e-112 -2.32978e-112 -3.03959e-112 -2.76866e-112 -3.3554e-112 -3.7117e-112 -1.30608e-112 -2.46134e-112 -3.2753e-112 -1.82071e-112 -1.82142e-112 -2.82783e-112 -3.83212e-112 -3.28639e-112 -3.55991e-112 -3.01341e-112 -2.64792e-112 -3.33973e-112 -4.6923e-112 -2.15337e-112 -2.61466e-112 -4.5682e-112 -3.31204e-112 -2.35713e-112 -4.13874e-112 -3.75267e-112 -3.42706e-112 -1.91141e-112 -2.48887e-112 -4.06064e-112 -1.71005e-112 -3.70062e-112 -2.80741e-112 -1.44599e-112 -2.73345e-112 -2.72154e-112 -3.45274e-112 -3.02808e-112 
E
-2.5658e-112 -5.51575e-112 -4.30519e-112 -2.70187e-112 -1.89007e-112 -3.53852e-112 -4.65305e-112 -5.10892e-112 -4.01494e-112 -4.37732e-112 -3.84182e-112 -4.94945e-112 -3.44034e-112 -5.22951e-112 -4.62518e-112 -1.35216e-112 -3.35796e-112 -3.98894e-112 -1.80875e-112 -3.73739e-112 -5.01551e-112 -4.8139e-112 -4.95468e-112 -4.06506e-112 -3.99919e-112 -1.89701e-112 -5.77818e-112 -5.01712e-112 -5.07569e-112 -4.14048e-112 -3.22827e-112 -4.17519e-112 -3.02788e-112 -3.95016e-112 -3.59816e-112 -4.36059e-112 -4.82368e-112 -1.69771e-112 -3.19896e-112 -4.25652e-112 -2.36651e-112 -2.3672e-112 -3.6753e-112 -4.98025e-112 -4.27102e-112 -4.62639e-112 -3.9162e-112 -3.44117e-112 -4.34022e-112 -6.09796e-112 -2.79864e-112 -3.39838e-112 -5.9367e-112 -4.30467e-112 -3.06348e-112 -5.37876e-112 -4.87715e-112 -4.45371e-112 -2.48414e-112 -3.23464e-112 -5.27708e-112 -2.22261e-112 -4.8093e-112 -3.64843e-112 -1.8793e-112 -3.55253e-112 -3.53695e-112 -4.48713e-112 -3.93515e-112 
E
-2.87371e-112 -6.17938e-112 -4.8227e-112 -3.02615e-112 -2.11808e-112 -3.9637e-112 -5.21224e-112 -5.72364e-112 -4.49674e-112 -4.90389e-112 -4.30317e-112 -5.54457e-112 -3.85316e-112 -5.85832e-112 -5.18192e-112 -1.51443e-112 -3.76142e-112 -4.46799e-112 -2.02562e-112 -4.18657e-112 -5.61846e-112 -5.39286e-112 -5.54993e-112 -4.5545e-112 -4.47958e-112 -2.12486e-112 -6.47293e-112 -5.62086e-112 -5.68663e-112 -4.63797e-112 -3.61658e-112 -4.67681e-112 -3.39149e-112 -4.42498e-112 -4.0302e-112 -4.88438e-112 -5.40363e-112 -1.90146e-112 -3.58302e-112 -4.7674e-112 -2.6506e-112 -2.65152e-112 -4.11785e-112 -5.57938e-112 -4.78483e-112 -5.18323e-112 -4.38665e-112 -3.85466e-112 -4.86217e-112 -6.83083e-112 -3.13469e-112 -3.80698e-112 -6.64999e-112 -4.82135e-112 -3.43107e-112 -6.02571e-112 -5.46319e-112 -4.98918e-112 -2.78256e-112 -3.62314e-112 -5.91136e-112 -2.48928e-112 -5.3871e-112 -4.0875e-112 -2.10491e-112 -3.97881e-112 -3.96153e-112 -5.02611e-112 -4.40794e-112 
E
-3.09556e-112 -6.65417e-112 -5.19417e-112 -3.26016e-112 -2.28005e-112 -4.2695e-112 -5.6138e-112 -6.16367e-112 -4.84451e-112 -5.2809e-112 -4.63508e-112 -5.97127e-112 -4.15066e-112 -6.30933e-112 -5.57998e-112 -1.63133e-112 -4.05132e-112 -4.81323e-112 -2.1825e-112 -4.50924e-112 -6.05151e-112 -5.80798e-112 -5.97764e-112 -4.90404e-112 -4.82489e-112 -2.28905e-112 -6.9711e-112 -6.05269e-112 -6.12354e-112 -4.99532e-112 -3.89482e-112 -5.03723e-112 -3.6531e-112 -4.76619e-112 -4.34149e-112 -5.26159e-112 -5.81984e-112 -2.04832e-112 -3.85971e-112 -5.13536e-112 -2.85527e-112 -2.85623e-112 -4.43388e-112 -6.00886e-112 -5.15268e-112 -5.58187e-112 -4.72525e-112 -4.15214e-112 -5.23656e-112 -7.35748e-112 -3.37682e-112 -4.09973e-112 -7.16248e-112 -5.19351e-112 -3.69627e-112 -6.48938e-112 -5.88409e-112 -5.37324e-112 -2.99715e-112 -3.90268e-112 -6.367e-112 -2.68136e-112 -5.80238e-112 -4.40178e-112 -2.26735e-112 -4.28665e-112 -4.26795e-112 -5.41378e-112 -4.74819e-112 
E
-2.88339e-112 -6.19902e-112 -4.83827e-112 -3.03601e-112 -2.12448e-112 -3.97635e-112 -5.22927e-112 -5.74184e-112 -4.51148e-112 -4.91955e-112 -4.31736e-112 -5.56242e-112 -3.86604e-112 -5.87721e-112 -5.19816e-112 -1.51956e-112 -3.77378e-112 -4.4824e-112 -2.03236e-112 -4.20015e-112 -5.63646e-112 -5.41014e-112 -5.56803e-112 -4.5689e-112 -4.49424e-112 -2.13165e-112 -6.49369e-112 -5.63858e-112 -5.7046e-112 -4.65295e-112 -3.62805e-112 -4.69213e-112 -3.40256e-112 -4.4391e-112 -4.04339e-112 -4.90013e-112 -5.42098e-112 -1.9078e-112 -3.59484e-112 -4.78343e-112 -2.65942e-112 -2.66002e-112 -4.13089e-112 -5.59699e-112 -4.80007e-112 -5.19943e-112 -4.40078e-112 -3.86699e-112 -4.87761e-112 -6.85281e-112 -3.14502e-112 -3.81928e-112 -6.67167e-112 -4.83738e-112 -3.44252e-112 -6.04482e-112 -5.48109e-112 -5.0052e-112 -2.79168e-112 -3.63488e-112 -5.93028e-112 -2.49765e-112 -5.40475e-112 -4.10042e-112 -2.11198e-112 -3.99177e-112 -3.9743e-112 -5.04238e-112 -4.42205e-112 
E
-2.92928e-112 -6.2983e-112 -4.91614e-112 -3.08439e-112 -2.1584e-112 -4.04058e-112 -5.31325e-112 -5.83402e-112 -4.58434e-112 -4.99856e-112 -4.38679e-112 -5.65159e-112 -3.92811e-112 -5.97149e-112 -5.28138e-112 -1.54357e-112 -3.83412e-112 -4.55443e-112 -2.06475e-112 -4.26746e-112 -5.72686e-112 -5.49702e-112 -5.65723e-112 -4.64215e-112 -4.5666e-112 -2.16603e-112 -6.59782e-112 -5.72919e-112 -5.79594e-112 -4.72694e-112 -3.68637e-112 -4.76747e-112 -3.45705e-112 -4.51068e-112 -4.10841e-112 -4.97897e-112 -5.50799e-112 -1.9379e-112 -3.65241e-112 -4.86094e-112 -2.70158e-112 -2.70249e-112 -4.19665e-112 -5.6865e-112 -4.87705e-112 -5.28273e-112 -4.47129e-112 -3.9292e-112 -4.95586e-112 -6.96297e-112 -3.19555e-112 -3.88018e-112 -6.77898e-112 -4.91459e-112 -3.49793e-112 -6.14161e-112 -5.5688e-112 -5.08583e-112 -2.83637e-112 -3.69298e-112 -6.02602e-112 -2.53757e-112 -5.49165e-112 -4.16621e-112 -2.14587e-112 -4.05583e-112 -4.03828e-112 -5.12361e-112 -4.4935e-112 
E
-2.96557e-112 -6.37629e-112 -4.97668e-112 -3.12344e-112 -2.18528e-112 -4.09059e-112 -5.37845e-112 -5.90595e-112 -4.64114e-112 -5.0601e-112 -4.44072e-112 -5.72139e-112 -3.97659e-112 -6.04511e-112 -5.3471e-112 -1.56284e-112 -3.88145e-112 -4.6113e-112 -2.09081e-112 -4.32025e-112 -5.79806e-112 -5.5648e-112 -5.72735e-112 -4.69928e-112 -4.62275e-112 -2.19303e-112 -6.67953e-112 -5.79995e-112 -5.86769e-112 -4.78649e-112 -3.73198e-112 -4.82618e-112 -3.50008e-112 -4.56644e-112 -4.15927e-112 -5.04086e-112 -5.57613e-112 -1.96243e-112 -3.69768e-112 -4.91961e-112 -2.73546e-112 -2.73668e-112 -4.24876e-112 -5.75763e-112 -4.93729e-112 -5.34865e-112 -4.52726e-112 -3.97809e-112 -5.01753e-112 -7.04923e-112 -3.23487e-112 -3.9284e-112 -6.86251e-112 -4.9757e-112 -3.54089e-112 -6.21817e-112 -5.63752e-112 -5.14837e-112 -2.87147e-112 -3.73925e-112 -6.10029e-112 -2.56896e-112 -5.55915e-112 -4.21773e-112 -2.17209e-112 -4.10672e-112 -4.08883e-112 -5.18702e-112 -4.54906e-112 
E
-2.77589e-112 -5.96913e-112 -4.65905e-112 -2.92293e-112 -2.04576e-112 -3.82897e-112 -5.0352e-112 -5.52902e-112 -4.34423e-112 -4.73714e-112 -4.15722e-112 -5.35603e-112 -3.72262e-112 -5.65911e-112 -5.00546e-112 -1.46276e-112 -3.63347e-112 -4.31592e-112 -1.95654e-112 -4.04417e-112 -5.4273e-112 -5.20942e-112 -5.3614e-112 -4.39955e-112 -4.32776e-112 -2.05252e-112 -6.25283e-112 -5.42975e-112 -5.49304e-112 -4.47984e-112 -3.49363e-112 -4.51817e-112 -3.27622e-112 -4.2745e-112 -3.89329e-112 -4.71824e-112 -5.21986e-112 -1.83648e-112 -3.46108e-112 -4.60641e-112 -2.56019e-112 -2.56115e-112 -3.9774e-112 -5.38923e-112 -4.62214e-112 -5.00661e-112 -4.23739e-112 -3.72349e-112 -4.69676e-112 -6.5987e-112 -3.02803e-112 -3.67732e-112 -6.42453e-112 -4.65743e-112 -3.31462e-112 -5.82058e-112 -5.27745e-112 -4.81984e-112 -2.68797e-112 -3.49984e-112 -5.71058e-112 -2.40483e-112 -5.20434e-112 -3.94841e-112 -2.03349e-112 -3.84334e-112 -3.82667e-112 -4.85554e-112 -4.25812e-112 
E
-2.94101e-112 -6.32366e-112 -4.93573e-112 -3.09693e-112 -2.16714e-112 -4.05631e-112 -5.33412e-112 -5.85714e-112 -4.6027e-112 -5.01829e-112 -4.4044e-112 -5.67409e-112 -3.94424e-112 -5.995e-112 -5.30274e-112 -1.54985e-112 -3.8493e-112 -4.57238e-112 -2.07307e-112 -4.28431e-112 -5.7496e-112 -5.51851e-112 -5.68019e-112 -4.66054e-112 -4.58514e-112 -2.17446e-112 -6.62426e-112 -5.7521e-112 -5.81911e-112 -4.74652e-112 -3.70102e-112 -4.78674e-112 -3.4711e-112 -4.52824e-112 -4.12465e-112 -4.99849e-112 -5.52975e-112 -1.94586e-112 -3.66675e-112 -4.88033e-112 -2.71253e-112 -2.71356e-112 -4.21357e-112 -5.70927e-112 -4.89667e-112 -5.30376e-112 -4.48934e-112 -3.94474e-112 -4.97568e-112 -6.9906e-112 -3.20787e-112 -3.89594e-112 -6.80641e-112 -4.93458e-112 -3.51168e-112 -6.16636e-112 -5.59097e-112 -5.10604e-112 -2.84779e-112 -3.70804e-112 -6.04958e-112 -2.54807e-112 -5.51349e-112 -4.18273e-112 -2.15429e-112 -4.07199e-112 -4.05417e-112 -5.14421e-112 -4.51093e-112 
E
-2.03745e-112 -4.38176e-112 -3.41957e-112 -2.14556e-112 -1.5019e-112 -2.81032e-112 -3.69549e-112 -4.05825e-112 -3.18817e-112 -3.47717e-112 -3.05111e-112 -3.9313e-112 -2.73231e-112 -4.1536e-112 -3.67433e-112 -1.07367e-112 -2.66683e-112 -3.16765e-112 -1.43614e-112 -2.96826e-112 -3.98347e-112 -3.82352e-112 -3.9353e-112 -3.22943e-112 -3.1763e-112 -1.50641e-112 -4.58974e-112 -3.98571e-112 -4.03196e-112 -3.28876e-112 -2.5644e-112 -3.31609e-112 -2.40482e-112 -3.13713e-112 -2.85733e-112 -3.46284e-112 -3.83123e-112 -1.34818e-112 -2.54027e-112 -3.38006e-112 -1.8792e-112 -1.88013e-112 -2.9196e-112 -3.95588e-112 -3.39262e-112 -3.67503e-112 -3.11021e-112 -2.73279e-112 -3.44751e-112 -4.84313e-112 -2.22207e-112 -2.69951e-112 -4.71536e-112 -3.41856e-112 -2.43242e-112 -4.27262e-112 -3.87352e-112 -3.53762e-112 -1.97276e-112 -2.56903e-112 -4.19123e-112 -1.7652e-112 -3.81966e-112 -2.89806e-112 -1.49233e-112 -2.82091e-112 -2.80855e-112 -3.56386e-112 -3.12509e-112 
E
-3.28081e-112 -7.05451e-112 -5.50699e-112 -3.45466e-112 -2.41727e-112 -4.52622e-112 -5.95149e-112 -6.53468e-112 -5.13553e-112 -5.59888e-112 -4.91391e-112 -6.3303e-112 -4.40025e-112 -6.68869e-112 -5.91543e-112 -1.72862e-112 -4.29445e-112 -5.10162e-112 -2.31257e-112 -4.78001e-112 -6.41476e-112 -6.15723e-112 -6.33681e-112 -5.19948e-112 -5.11543e-112 -2.42626e-112 -7.39027e-112 -6.41733e-112 -6.49172e-112 -5.2942e-112 -4.12925e-112 -5.34036e-112 -3.87232e-112 -5.05261e-112 -4.60212e-112 -5.57719e-112 -6.1696e-112 -2.17024e-112 -4.09101e-112 -5.44548e-112 -3.02567e-112 -3.02702e-112 -4.69996e-112 -6.36927e-112 -5.4627e-112 -5.91707e-112 -5.00842e-112 -4.40115e-112 -5.5512e-112 -7.79965e-112 -3.57921e-112 -4.34581e-112 -7.5938e-112 -5.50474e-112 -3.91821e-112 -6.87916e-112 -6.2375e-112 -5.69702e-112 -3.17693e-112 -4.13651e-112 -6.75027e-112 -2.84236e-112 -6.1516e-112 -4.6665e-112 -2.40365e-112 -4.54306e-112 -4.5235e-112 -5.73945e-112 -5.03354e-112 
E
-3.41897e-112 -7.35025e-112 -5.73701e-112 -3.60056e-112 -2.51899e-112 -4.71552e-112 -6.20046e-112 -6.80813e-112 -5.35075e-112 -5.83315e-112 -5.11957e-112 -6.59551e-112 -4.58447e-112 -6.96874e-112 -6.16368e-112 -1.80181e-112 -4.47466e-112 -5.31579e-112 -2.41035e-112 -4.98036e-112 -6.68369e-112 -6.41501e-112 -6.6024e-112 -5.41713e-112 -5.32932e-112 -2.52812e-112 -7.69986e-112 -6.68575e-112 -6.764e-112 -5.51757e-112 -4.30195e-112 -5.56374e-112 -4.03475e-112 -5.26418e-112 -4.79496e-112 -5.81103e-112 -6.42796e-112 -2.26234e-112 -4.26285e-112 -5.67243e-112 -3.15355e-112 -3.1545e-112 -4.8979e-112 -6.63693e-112 -5.69153e-112 -6.16542e-112 -5.21875e-112 -4.58585e-112 -5.78377e-112 -8.12612e-112 -3.72954e-112 -4.52862e-112 -7.91109e-112 -5.73613e-112 -4.08248e-112 -7.16779e-112 -6.49901e-112 -5.93495e-112 -3.31034e-112 -4.31034e-112 -7.03239e-112 -2.96168e-112 -6.40875e-112 -4.86197e-112 -2.50426e-112 -4.73419e-112 -4.71359e-112 -5.97951e-112 -5.24415e-112 
E
-2.51083e-112 -5.39851e-112 -4.21342e-112 -2.64408e-112 -1.85039e-112 -3.46323e-112 -4.55387e-112 -5.00045e-112 -3.92923e-112 -4.28434e-112 -3.75972e-112 -4.84405e-112 -3.36651e-112 -5.11827e-112 -4.52706e-112 -1.32322e-112 -3.28633e-112 -3.90388e-112 -1.77e-112 -3.65775e-112 -4.90874e-112 -4.71169e-112 -4.84873e-112 -3.97899e-112 -3.91374e-112 -1.8567e-112 -5.65506e-112 -4.91051e-112 -4.96809e-112 -4.05201e-112 -3.1596e-112 -4.08594e-112 -2.963e-112 -3.86626e-112 -3.52133e-112 -4.26769e-112 -4.72099e-112 -1.66141e-112 -3.13065e-112 -4.16563e-112 -2.31588e-112 -2.31658e-112 -3.59759e-112 -4.87452e-112 -4.18017e-112 -4.5284e-112 -3.83256e-112 -3.36796e-112 -4.24783e-112 -5.96796e-112 -2.7391e-112 -3.326e-112 -5.80982e-112 -4.21235e-112 -2.99803e-112 -5.26433e-112 -4.77306e-112 -4.35884e-112 -2.43114e-112 -3.16539e-112 -5.16485e-112 -2.17485e-112 -4.70667e-112 -3.57106e-112 -1.83915e-112 -3.47655e-112 -3.46152e-112 -4.39125e-112 -3.85148e-112 
E


-3.47989e-111 -3.85308e-111 -3.70154e-111 -3.59882e-111 -3.6083e-111 -3.88547e-111 -3.61863e-111 -3.58382e-111 -3.61244e-111 -3.92652e-111 -3.56168e-111 -3.5704e-111 -3.6631e-111 -4.058e-111 -3.80693e-111 -3.54848e-111 -3.84497e-111 -3.38974e-111 -3.56833e-111 -3.69727e-111 -3.76617e-111 -3.98864e-111 -3.88418e-111 -3.70161e-111 -3.74905e-111 -3.6865e-111 -3.62463e-111 -3.70006e-111 -3.71053e-111 -3.49141e-111 -3.92475e-111 -3.9911e-111 
E
-3.84318e-111 -4.2555e-111 -4.08797e-111 -3.97457e-111 -3.98513e-111 -4.29129e-111 -3.99667e-111 -3.95828e-111 -3.98997e-111 -4.33711e-111 -3.93318e-111 -3.94348e-111 -4.04561e-111 -4.48179e-111 -4.20466e-111 -3.91917e-111 -4.24652e-111 -3.74379e-111 -3.9411e-111 -4.08351e-111 -4.1598e-111 -4.40544e-111 -4.28999e-111 -4.08848e-111 -4.14068e-111 -4.07167e-111 -4.00327e-111 -4.08661e-111 -4.09815e-111 -3.85575e-111 -4.33479e-111 -4.40808e-111 
E
-4.25754e-111 -4.71404e-111 -4.52875e-111 -4.40317e-111 -4.4146e-111 -4.75397e-111 -4.42743e-111 -4.38501e-111 -4.42003e-111 -4.80475e-111 -4.35727e-111 -4.36875e-111 -4.48171e-111 -4.96482e-111 -4.65782e-111 -4.34204e-111 -4.70433e-111 -4.14755e-111 -4.36591e-111 -4.52368e-111 -4.6083e-111 -4.8801e-111 -4.75264e-111 -4.52924e-111 -4.5871e-111 -4.51074e-111 -4.43478e-111 -4.5268e-111 -4.53987e-111 -4.2711e-111 -4.80211e-111 -4.88359e-111 
E
-3.40838e-111 -3.77433e-111 -3.62552e-111 -3.5248e-111 -3.53444e-111 -3.80587e-111 -3.54461e-111 -3.5104e-111 -3.53867e-111 -3.84655e-111 -3.48837e-111 -3.49719e-111 -3.5879e-111 -3.97501e-111 -3.72897e-111 -3.47571e-111 -3.76606e-111 -3.32013e-111 -3.49534e-111 -3.62157e-111 -3.68931e-111 -3.90722e-111 -3.80454e-111 -3.62585e-111 -3.67248e-111 -3.61131e-111 -3.55073e-111 -3.62444e-111 -3.63464e-111 -3.41985e-111 -3.84454e-111 -3.90936e-111 
E
-4.25118e-111 -4.70717e-111 -4.52196e-111 -4.39658e-111 -4.40816e-111 -4.74703e-111 -4.42082e-111 -4.37855e-111 -4.41358e-111 -4.79766e-111 -4.35071e-111 -4.36221e-111 -4.47499e-111 -4.9575e-111 -4.65074e-111 -4.33554e-111 -4.69723e-111 -4.14135e-111 -4.35942e-111 -4.51703e-111 -4.60158e-111 -4.87302e-111 -4.74549e-111 -4.52255e-111 -4.58034e-111 -4.50423e-111 -4.42842e-111 -4.52026e-111 -4.5332e-111 -4.26485e-111 -4.79506e-111 -4.87632e-111 
E
-3.56062e-111 -3.94254e-111 -3.78749e-111 -3.68252e-111 -3.69209e-111 -3.97589e-111 -3.70281e-111 -3.66723e-111 -3.69659e-111 -4.01844e-111 -3.64411e-111 -3.65367e-111 -3.74809e-111 -4.15229e-111 -3.89529e-111 -3.63136e-111 -3.93427e-111 -3.46871e-111 -3.65125e-111 -3.78326e-111 -3.85417e-111 -4.08139e-111 -3.97483e-111 -3.78785e-111 -3.83634e-111 -3.77252e-111 -3.70898e-111 -3.78582e-111 -3.79677e-111 -3.57212e-111 -4.01623e-111 -4.08429e-111 
E
-4.32199e-111 -4.78594e-111 -4.59745e-111 -4.46978e-111 -4.48176e-111 -4.82612e-111 -4.49466e-111 -4.45148e-111 -4.48711e-111 -4.87752e-111 -4.42358e-111 -4.43464e-111 -4.54962e-111 -5.04044e-111 -4.72836e-111 -4.40751e-111 -4.77565e-111 -4.21017e-111 -4.43218e-111 -4.59229e-111 -4.67818e-111 -4.95431e-111 -4.82445e-111 -4.59778e-111 -4.65675e-111 -4.57926e-111 -4.50249e-111 -4.59576e-111 -4.6088e-111 -4.33648e-111 -4.8751e-111 -4.95736e-111 
E
-3.75555e-111 -4.15844e-111 -3.99482e-111 -3.88396e-111 -3.89424e-111 -4.19357e-111 -3.90549e-111 -3.86808e-111 -3.89901e-111 -4.23834e-111 -3.8436e-111 -3.85363e-111 -3.95333e-111 -4.37965e-111 -4.10868e-111 -3.83002e-111 -4.1497e-111 -3.65849e-111 -3.8513e-111 -3.99043e-111 -4.06504e-111 -4.30499e-111 -4.19221e-111 -3.99524e-111 -4.0464e-111 -3.9791e-111 -3.91213e-111 -3.99335e-111 -4.00477e-111 -3.76778e-111 -4.23608e-111 -4.3078e-111 
E
-3.6252e-111 -4.01416e-111 -3.8562e-111 -3.74916e-111 -3.75909e-111 -4.04796e-111 -3.76998e-111 -3.7338e-111 -3.76364e-111 -4.09116e-111 -3.71026e-111 -3.71978e-111 -3.81613e-111 -4.22766e-111 -3.9661e-111 -3.69698e-111 -4.00571e-111 -3.53145e-111 -3.71759e-111 -3.85188e-111 -3.92389e-111 -4.1555e-111 -4.04669e-111 -3.85654e-111 -3.90589e-111 -3.84085e-111 -3.77636e-111 -3.85472e-111 -3.86571e-111 -3.63711e-111 -4.08902e-111 -4.15816e-111 
E
-3.59743e-111 -3.98351e-111 -3.82656e-111 -3.7204e-111 -3.73041e-111 -4.01699e-111 -3.74106e-111 -3.70509e-111 -3.73485e-111 -4.05973e-111 -3.68181e-111 -3.69115e-111 -3.78682e-111 -4.19528e-111 -3.9356e-111 -3.66858e-111 -3.97487e-111 -3.5043e-111 -3.68902e-111 -3.82234e-111 -3.89393e-111 -4.12364e-111 -4.01556e-111 -3.82698e-111 -3.87602e-111 -3.81151e-111 -3.74761e-111 -3.82527e-111 -3.83606e-111 -3.60935e-111 -4.05763e-111 -4.12621e-111 
E



