8	39	10	
-0 -0 -0 -0 -0 -0 -0 -0 
E
-0 -0 -0 -0 -0 -0 -0 -0 
E
-0 -0 -0 -0 -0 -0 -0 -0 
E
-0 -0 -0 -0 -0 -0 -0 -0 
E
-0 -0 -0 -0 -0 -0 -0 -0 
E
-0 -0 -0 -0 -0 -0 -0 -0 
E
-0 -0 -0 -0 -0 -0 -0 -0 
E
-0 -0 -0 -0 -0 -0 -0 -0 
E
-0 -0 -0 -0 -0 -0 -0 -0 
E
-0 -0 -0 -0 -0 -0 -0 -0 
E
-0 -0 -0 -0 -0 -0 -0 -0 
E
-0 -0 -0 -0 -0 -0 -0 -0 
E
-0 -0 -0 -0 -0 -0 -0 -0 
E
-0 -0 -0 -0 -0 -0 -0 -0 
E
-0 -0 -0 -0 -0 -0 -0 -0 
E
-0 -0 -0 -0 -0 -0 -0 -0 
E
-0 -0 -0 -0 -0 -0 -0 -0 
E
-0 -0 -0 -0 -0 -0 -0 -0 
E
-0 -0 -0 -0 -0 -0 -0 -0 
E
-0 -0 -0 -0 -0 -0 -0 -0 
E
-0 -0 -0 -0 -0 -0 -0 -0 
E
-0 -0 -0 -0 -0 -0 -0 -0 
E
-0 -0 -0 -0 -0 -0 -0 -0 
E
-0 -0 -0 -0 -0 -0 -0 -0 
E
-0 -0 -0 -0 -0 -0 -0 -0 
E
-0 -0 -0 -0 -0 -0 -0 -0 
E
-0 -0 -0 -0 -0 -0 -0 -0 
E
-0 -0 -0 -0 -0 -0 -0 -0 
E
-0 -0 -0 -0 -0 -0 -0 -0 
E
-0 -0 -0 -0 -0 -0 -0 -0 
E
-0 -0 -0 -0 -0 -0 -0 -0 
E
-0 -0 -0 -0 -0 -0 -0 -0 
E
-0 -0 -0 -0 -0 -0 -0 -0 
E
-0 -0 -0 -0 -0 -0 -0 -0 
E
-0 -0 -0 -0 -0 -0 -0 -0 
E
-0 -0 -0 -0 -0 -0 -0 -0 
E
-0 -0 -0 -0 -0 -0 -0 -0 
E
-0 -0 -0 -0 -0 -0 -0 -0 
E
-0 -0 -0 -0 -0 -0 -0 -0 
E


-0.721152 -1.80187 -1.07474 -1.6939 -0.910855 -1.28397 -0.981414 -1.30729 -1.6054 -1.94385 -0.196234 -0.0704978 -0.0367443 -1.72948 -1.98639 -0.99704 -1.81005 -1.44426 -0.815821 -1.37339 -0.488601 -1.02011 -0.806848 -0.907743 -0.930998 -1.54118 -1.95038 -1.62847 -0.375927 -1.017 -0.0670797 -1.53233 -1.27897 -1.90625 -0.518754 -1.98297 -1.89813 -0.389721 -1.66869 
E
-0.859584 -0.629597 -1.39445 -0.0927152 -1.45512 -0.0943022 -1.36644 -1.54051 -1.12467 -0.973296 -0.794641 -1.64599 -1.68426 -1.5938 -0.483963 -0.388745 -1.55876 -1.2653 -1.57921 -0.304636 -1.68084 -1.3654 -1.33781 -0.447035 -1.13901 -0.175665 -0.653951 -0.097293 -0.576312 -1.46782 -1.33183 -0.226264 -1.33879 -0.839381 -1.10862 -0.704733 -0.373424 -1.79986 -0.428602 
E
-1.26475 -0.877407 -1.60631 -0.966155 -0.210211 -0.695883 -0.849818 -1.89941 -0.878079 -0.470534 -0.790979 -1.93347 -1.84924 -1.53844 -0.446059 -1.07395 -0.909207 -1.57982 -1.42296 -0.150639 -0.759545 -0.0169683 -0.50679 -0.0905789 -0.478408 -1.16276 -1.99646 -0.941801 -0.73159 -1.11856 -1.78997 -0.646382 -0.733421 -0.423231 -1.22074 -1.56438 -0.957793 -0.451247 -0.643391 
E
-0.746788 -1.59911 -1.56127 -0.769799 -1.95941 -0.783105 -0.994293 -1.75481 -1.45598 -0.527848 -0.522599 -0.0324107 -1.50169 -0.454787 -1.8479 -0.9017 -1.64672 -1.24937 -1.74957 -0.862453 -1.74944 -1.87243 -0.983428 -1.70153 -0.750206 -0.520646 -0.930143 -0.328318 -1.19462 -1.33793 -1.99341 -0.361278 -1.50664 -0.876003 -1.74871 -1.46342 -0.0125736 -0.305612 -0.841395 
E
-0.428297 -0.714316 -1.37724 -0.635517 -0.0159917 -0.812525 -0.132084 -0.611957 -1.53929 -1.98047 -0.363292 -1.51714 -1.19919 -1.38707 -0.826441 -0.260994 -0.171026 -0.470656 -0.20069 -0.565996 -0.440748 -1.46239 -1.79986 -1.36522 -0.39021 -1.65941 -0.033021 -0.950835 -0.13361 -1.44847 -0.615986 -0.872646 -0.603168 -0.0794092 -0.53151 -1.58641 -0.385266 -1.18863 -1.7409 
E
-1.85229 -0.306223 -0.0722678 -0.64449 -1.88342 -1.7683 -0.710044 -1.29289 -0.244209 -0.835475 -0.538102 -0.347728 -0.498856 -0.0697653 -0.973235 -1.79272 -1.60973 -0.116886 -1.6856 -1.39445 -0.085757 -1.04209 -0.622456 -0.913358 -1.8811 -1.4163 -1.78185 -0.0648824 -0.0432142 -1.15201 -0.735557 -0.230232 -0.111698 -0.0892972 -1.90289 -1.91711 -1.26646 -0.331492 -1.5739 
E
-1.97107 -1.22611 -0.331431 -0.683065 -0.536027 -0.896695 -0.727134 -1.33256 -1.76586 -0.76986 -1.92804 -1.06558 -0.28431 -1.07138 -1.45054 -0.890103 -1.39702 -1.65966 -1.00424 -1.05197 -1.05167 -1.674 -1.32792 -0.558672 -1.54942 -0.933256 -0.77517 -0.452467 -1.00534 -1.08414 -1.65062 -0.834132 -0.560015 -0.499588 -0.295602 -1.63604 -1.33982 -0.927396 -0.924528 
E
-1.14585 -1.16837 -1.88861 -1.2103 -0.279916 -1.02701 -0.825648 -1.62065 -0.606769 -1.26615 -1.00131 -0.5038 -0.120304 -1.56603 -1.1467 -0.924711 -0.763512 -0.647603 -0.85989 -1.25059 -1.70171 -1.73351 -1.75451 -1.48723 -0.346141 -1.75915 -0.357616 -1.36479 -1.12741 -0.333262 -0.759056 -0.173589 -0.0185553 -0.449477 -1.00888 -0.350475 -0.809107 -0.946684 -1.26658 
E
-0.814234 -1.12803 -0.719993 -1.69903 -0.0516984 -0.217292 -0.68215 -0.129215 -0.95407 -0.455458 -1.47404 -1.43461 -1.40226 -0.63094 -0.925748 -0.695395 -0.603107 -0.965484 -1.26749 -0.0932646 -1.17557 -1.88769 -0.09064 -1.55956 -0.986236 -0.556169 -1.05857 -1.17374 -0.735313 -1.13358 -0.367504 -1.31205 -1.29295 -0.80929 -0.957732 -0.545732 -0.784692 -1.57347 -0.474258 
E
-1.28965 -1.42778 -1.74017 -0.977996 -1.20035 -0.116825 -1.22074 -0.406262 -0.324961 -0.760033 -0.547563 -1.78448 -1.99945 -0.364818 -1.64733 -0.186102 -1.49681 -0.873928 -0.364208 -1.44469 -0.426038 -0.751427 -0.733726 -0.613788 -0.880093 -0.318491 -1.00607 -0.178655 -1.33451 -0.839381 -1.41923 -0.0166631 -0.295785 -1.35752 -1.72289 -1.10862 -1.70006 -1.28117 -0.45143 
E




-0 -0 -0 -0 -0 -0 -0 -0 
E
-0 -0 -0 -0 -0 -0 -0 -0 
E
-0 -0 -0 -0 -0 -0 -0 -0 
E
-0 -0 -0 -0 -0 -0 -0 -0 
E
-0 -0 -0 -0 -0 -0 -0 -0 
E
-0 -0 -0 -0 -0 -0 -0 -0 
E
-0 -0 -0 -0 -0 -0 -0 -0 
E
-0 -0 -0 -0 -0 -0 -0 -0 
E
-0 -0 -0 -0 -0 -0 -0 -0 
E
-0 -0 -0 -0 -0 -0 -0 -0 
E
-0 -0 -0 -0 -0 -0 -0 -0 
E
-0 -0 -0 -0 -0 -0 -0 -0 
E
-0 -0 -0 -0 -0 -0 -0 -0 
E
-0 -0 -0 -0 -0 -0 -0 -0 
E
-0 -0 -0 -0 -0 -0 -0 -0 
E
-0 -0 -0 -0 -0 -0 -0 -0 
E
-0 -0 -0 -0 -0 -0 -0 -0 
E
-0 -0 -0 -0 -0 -0 -0 -0 
E
-0 -0 -0 -0 -0 -0 -0 -0 
E
-0 -0 -0 -0 -0 -0 -0 -0 
E
-0 -0 -0 -0 -0 -0 -0 -0 
E
-0 -0 -0 -0 -0 -0 -0 -0 
E
-0 -0 -0 -0 -0 -0 -0 -0 
E
-0 -0 -0 -0 -0 -0 -0 -0 
E
-0 -0 -0 -0 -0 -0 -0 -0 
E
-0 -0 -0 -0 -0 -0 -0 -0 
E
-0 -0 -0 -0 -0 -0 -0 -0 
E
-0 -0 -0 -0 -0 -0 -0 -0 
E
-0 -0 -0 -0 -0 -0 -0 -0 
E
-0 -0 -0 -0 -0 -0 -0 -0 
E
-0 -0 -0 -0 -0 -0 -0 -0 
E
-0 -0 -0 -0 -0 -0 -0 -0 
E
-0 -0 -0 -0 -0 -0 -0 -0 
E
-0 -0 -0 -0 -0 -0 -0 -0 
E
-0 -0 -0 -0 -0 -0 -0 -0 
E
-0 -0 -0 -0 -0 -0 -0 -0 
E
-0 -0 -0 -0 -0 -0 -0 -0 
E
-0 -0 -0 -0 -0 -0 -0 -0 
E
-0 -0 -0 -0 -0 -0 -0 -0 
E


-0.721152 -1.80187 -1.07474 -1.6939 -0.910855 -1.28397 -0.981414 -1.30729 -1.6054 -1.94385 -0.196234 -0.0704978 -0.0367443 -1.72948 -1.98639 -0.99704 -1.81005 -1.44426 -0.815821 -1.37339 -0.488601 -1.02011 -0.806848 -0.907743 -0.930998 -1.54118 -1.95038 -1.62847 -0.375927 -1.017 -0.0670797 -1.53233 -1.27897 -1.90625 -0.518754 -1.98297 -1.89813 -0.389721 -1.66869 
E
-0.859584 -0.629597 -1.39445 -0.0927152 -1.45512 -0.0943022 -1.36644 -1.54051 -1.12467 -0.973296 -0.794641 -1.64599 -1.68426 -1.5938 -0.483963 -0.388745 -1.55876 -1.2653 -1.57921 -0.304636 -1.68084 -1.3654 -1.33781 -0.447035 -1.13901 -0.175665 -0.653951 -0.097293 -0.576312 -1.46782 -1.33183 -0.226264 -1.33879 -0.839381 -1.10862 -0.704733 -0.373424 -1.79986 -0.428602 
E
-1.26475 -0.877407 -1.60631 -0.966155 -0.210211 -0.695883 -0.849818 -1.89941 -0.878079 -0.470534 -0.790979 -1.93347 -1.84924 -1.53844 -0.446059 -1.07395 -0.909207 -1.57982 -1.42296 -0.150639 -0.759545 -0.0169683 -0.50679 -0.0905789 -0.478408 -1.16276 -1.99646 -0.941801 -0.73159 -1.11856 -1.78997 -0.646382 -0.733421 -0.423231 -1.22074 -1.56438 -0.957793 -0.451247 -0.643391 
E
-0.746788 -1.59911 -1.56127 -0.769799 -1.95941 -0.783105 -0.994293 -1.75481 -1.45598 -0.527848 -0.522599 -0.0324107 -1.50169 -0.454787 -1.8479 -0.9017 -1.64672 -1.24937 -1.74957 -0.862453 -1.74944 -1.87243 -0.983428 -1.70153 -0.750206 -0.520646 -0.930143 -0.328318 -1.19462 -1.33793 -1.99341 -0.361278 -1.50664 -0.876003 -1.74871 -1.46342 -0.0125736 -0.305612 -0.841395 
E
-0.428297 -0.714316 -1.37724 -0.635517 -0.0159917 -0.812525 -0.132084 -0.611957 -1.53929 -1.98047 -0.363292 -1.51714 -1.19919 -1.38707 -0.826441 -0.260994 -0.171026 -0.470656 -0.20069 -0.565996 -0.440748 -1.46239 -1.79986 -1.36522 -0.39021 -1.65941 -0.033021 -0.950835 -0.13361 -1.44847 -0.615986 -0.872646 -0.603168 -0.0794092 -0.53151 -1.58641 -0.385266 -1.18863 -1.7409 
E
-1.85229 -0.306223 -0.0722678 -0.64449 -1.88342 -1.7683 -0.710044 -1.29289 -0.244209 -0.835475 -0.538102 -0.347728 -0.498856 -0.0697653 -0.973235 -1.79272 -1.60973 -0.116886 -1.6856 -1.39445 -0.085757 -1.04209 -0.622456 -0.913358 -1.8811 -1.4163 -1.78185 -0.0648824 -0.0432142 -1.15201 -0.735557 -0.230232 -0.111698 -0.0892972 -1.90289 -1.91711 -1.26646 -0.331492 -1.5739 
E
-1.97107 -1.22611 -0.331431 -0.683065 -0.536027 -0.896695 -0.727134 -1.33256 -1.76586 -0.76986 -1.92804 -1.06558 -0.28431 -1.07138 -1.45054 -0.890103 -1.39702 -1.65966 -1.00424 -1.05197 -1.05167 -1.674 -1.32792 -0.558672 -1.54942 -0.933256 -0.77517 -0.452467 -1.00534 -1.08414 -1.65062 -0.834132 -0.560015 -0.499588 -0.295602 -1.63604 -1.33982 -0.927396 -0.924528 
E
-1.14585 -1.16837 -1.88861 -1.2103 -0.279916 -1.02701 -0.825648 -1.62065 -0.606769 -1.26615 -1.00131 -0.5038 -0.120304 -1.56603 -1.1467 -0.924711 -0.763512 -0.647603 -0.85989 -1.25059 -1.70171 -1.73351 -1.75451 -1.48723 -0.346141 -1.75915 -0.357616 -1.36479 -1.12741 -0.333262 -0.759056 -0.173589 -0.0185553 -0.449477 -1.00888 -0.350475 -0.809107 -0.946684 -1.26658 
E
-0.814234 -1.12803 -0.719993 -1.69903 -0.0516984 -0.217292 -0.68215 -0.129215 -0.95407 -0.455458 -1.47404 -1.43461 -1.40226 -0.63094 -0.925748 -0.695395 -0.603107 -0.965484 -1.26749 -0.0932646 -1.17557 -1.88769 -0.09064 -1.55956 -0.986236 -0.556169 -1.05857 -1.17374 -0.735313 -1.13358 -0.367504 -1.31205 -1.29295 -0.80929 -0.957732 -0.545732 -0.784692 -1.57347 -0.474258 
E
-1.28965 -1.42778 -1.74017 -0.977996 -1.20035 -0.116825 -1.22074 -0.406262 -0.324961 -0.760033 -0.547563 -1.78448 -1.99945 -0.364818 -1.64733 -0.186102 -1.49681 -0.873928 -0.364208 -1.44469 -0.426038 -0.751427 -0.733726 -0.613788 -0.880093 -0.318491 -1.00607 -0.178655 -1.33451 -0.839381 -1.41923 -0.0166631 -0.295785 -1.35752 -1.72289 -1.10862 -1.70006 -1.28117 -0.45143 
E



